0, -25.02527881040909
1, -25.025233644860098
2, -25.00350877192981
3, -25.010067114093992
4, -25.05384615384616
5, -25.09130434782616
6, -25.084313725490432
7, 5.3166666666650855
8, 163.2333333333379
9, -10.913953488373366
10, 75.19801324503915
11, 21.624137931034404
12, -25.00501792114722
13, -25.017241379310445
14, -25.087421383647843
15, -25.022292993630586
16, -25.07647058823539
17, -25.083453237410573
18, -25.05263157894734
19, -25.05472312703579
20, -21.256462585033884
21, -25.021739130434852
22, -25.090034364261278
23, -25.084848484848514
24, -25.060070671378163
25, -25.054849498327858
26, -25.004109589041388
27, -25.088628762541845
28, 22.792561983471202
29, -25.006015037593983
30, -18.278913738020186
31, -8.305128205129371
32, -25.09363957597245
33, -25.052866242038316
34, -25.097402597403722
35, -25.007017543860094
36, -8.788524590163856
37, -25.067346938776375
38, -25.05162241887912
39, -25.03165467625901
40, -25.06078431372552
41, -20.343902439024166
42, -25.061111111111146
43, -25.088888888889006
44, -25.08493150685014
45, 38.73116883116828
46, -25.04785276073619
47, -25.02797202797217
48, -25.0986754966889
49, -25.018987341772302
50, -25.06666666666704
51, -25.016822429906657
52, -25.056179775281286
53, -25.05345911949704
54, 244.89999999999716
55, -25.038834951456607
56, 56.27992831541289
57, -20.510958904109884
58, -25.03900709219878
59, -25.028937728938228
60, -25.03840304182608
61, -25.000000000000597
62, -25.084210526315893
63, -25.03895131086218
64, -25.065517241379506
65, -25.008029197080873
66, -25.053284671533067
67, -25.079439252337018
68, -25.011764705882573
69, -25.0543624161075
70, -25.097029702970467
71, -25.04871794871815
72, -25.0067524115756
73, -25.062199312714874
74, -25.04306049822071
75, -25.00993377483455
76, -25.088732394366325
77, -25.064406779661077
78, -25.03396226415117
79, -25.06330935251855
80, -25.000000000000817
81, -13.736363636364214
82, 7.8310344827581915
83, 48.73211678832273
84, -25.000000000000277
85, -7.233105802048156
86, 7.936809815950568
87, -25.033110367893016
88, -25.05714285714288
89, 29.159259259257965
90, -25.096885813148848
91, -25.085906040268462
92, -25.094915254237648
93, -6.965671641791673
94, -25.008591065292116
95, -25.022895622895636
96, -25.057575757575727
97, -25.09354838709679
98, -11.05238095238174
99, -1.8105263157888771
100, -5.499361022363665
101, 9.272822299653086
102, -25.01818181818186
103, -25.022222222222236
104, -25.089115646258517
105, -25.044147157190643
106, -25.051376146789032
107, -25.039007092198602
108, -25.09213483146069
109, -25.058974358974435
110, -25.066666666666745
111, -25.07777777777781
112, -25.016312056737895
113, -25.086292834891104
114, -25.1
115, -25.040926640927342
116, 6.263636363635513
117, -25.033333333333324
118, -10.745161290323047
119, -25.05839416058386
120, -25.024812030075193
121, -21.473801916933294
122, -25.048920863309387
123, -25.062500000000092
124, 20.635294117646808
125, -25.0234042553192
126, -25.06774193548392
127, -25.097979797979836
128, -25.073239436619776
129, -25.0805970149254
130, -25.069503546099334
131, -25.01538461538466
132, -25.077257525083738
133, -25.01006711409414
134, -25.077181208053748
135, -23.203448275862044
136, -25.094117647058873
137, -25.094557823129307
138, -25.028104575163454
139, -25.032028469750983
140, -25.094557823129307
141, 41.517161716170634
142, -25.055984555984608
143, -25.072727272727448
144, -25.079487179487238
145, -25.04210526315795
146, -25.086486486486542
147, -25.0542955326461
148, -25.09677419354845
149, -25.094117647058873
150, -25.059169550173067
151, -25.022073578595375
152, -25.006896551724196
153, -25.029241877256332
154, -25.094557823129307
155, -25.028104575163454
156, -25.04117647058834
157, -25.01872659176035
158, -25.077181208053744
159, -25.063082437276037
160, -25.048122866894253
161, -25.020447284345103
162, -25.021052631578982
163, -25.059566787003664
164, -25.077181208053744
165, -25.027868852459118
166, -25.053943217665747
167, -25.069712793733828
168, -25.057575757575815
169, -25.094117647058873
170, -25.093617021276696
171, -25.05839416058396
172, -25.006896551724196
173, -25.077181208053748
174, -25.00000000000013
175, -25.07030716723551
176, -25.001459854014648
177, -25.094557823129307
178, -25.066666666666727
179, -25.0542955326461
180, -25.02810457516346
181, -25.038596491228116
182, 0.9344827586199251
183, -14.34437299035351
184, -15.81428571428614
185, -18.575836431226943
186, -25.060942760942776
187, -25.079487179487238
188, -25.048951048951082
189, -25.066666666666723
190, -6.388659793814828
191, -25.045454545454668
192, -25.06708860759494
193, -8.572222222222596
194, -25.040926640926717
195, -25.082229965156763
196, -25.032258064516135
197, -25.009966777408653
198, -25.060544217687372
199, -25.05770609319002
200, -25.09009900990141
201, -25.00930232558138
202, -25.063120567376103
203, -25.04814814814816
204, -25.012811387900435
205, -25.00000000000002
206, -25.03191489361709
207, -25.02745098039216
208, -25.080575539568997
209, -25.056902356902896
210, -25.054014598540174
211, -25.059420289855066
212, -25.00317460317462
213, -25.014492753623223
214, -25.035738831615106
215, -25.03516819571867
216, -25.09174917491754
217, 139.90000000000487
218, -25.053608247422712
219, -25.065934065934265
220, -25.02411347517742
221, -25.093233082707
222, 55.22818532818643
223, -25.046808510638456
224, -25.075000000000074
225, -25.033333333333374
226, -14.157971014492658
227, -25.03515358361779
228, -25.014814814815438
229, -25.05294117647055
230, -25.091941391941337
231, -25.07615894039736
232, -7.122653721683875
233, -25.011864406779672
234, -25.071428571428832
235, -25.063265306122698
236, -25.02022471910115
237, -25.078014184397254
238, -25.04464831804282
239, -25.062295081967235
240, -25.053846153846166
241, -25.1
242, -25.094076655052298
243, -25.00859106529221
244, -25.025435540069697
245, -25.099667774086384
246, -25.07922077922079
247, -25.092907801418477
248, -25.006949806949752
249, -25.0000000000001
250, -25.003508771929823
251, -25.07704918032785
252, -25.072413793103404
253, -25.030094043887107
254, -25.028956228956186
255, -25.075838926174495
256, -25.076870748299385
257, -7.02307692307749
258, -25.060627177700404
259, -25.049999999999955
260, -25.00000000000003
261, -25.072555205047372
262, -25.070491803278713
263, -25.06645962732924
264, -25.095617529880503
265, -25.0727272727273
266, -25.094444444444463
267, -25.007006369426783
268, -25.018339100346044
269, -25.098697068403943
270, -25.088967971530266
271, -25.037078651685448
272, -25.0314487632509
273, -25.01948051948057
274, -25.065771812080577
275, -25.05602605863197
276, -25.09539748953977
277, -25.072727272727317
278, -25.099665551839493
279, -25.093233082706888
280, -25.05709342560552
281, -25.06086956521743
282, -25.040065146579984
283, -25.06746987951813
284, -25.044329896907367
285, -25.03448275862079
286, -25.084942084942377
287, -25.05409252669049
288, -25.066550522648463
289, -25.030225080385883
290, -25.022033898305054
291, -25.08947368421072
292, -25.060759493670894
293, -25.0173010380624
294, -25.044147157190665
295, -25.009756097561002
296, -25.09509202453992
297, -25.01129707112971
298, -25.093146417445546
299, -25.098019801980236
300, -25.027710843373544
301, -25.098591549295833
302, -25.02779552715652
303, -25.094265232974813
304, -25.098591549295822
305, -25.097350993377567
306, -25.074999999999996
307, -25.027972027972034
308, -25.00070921985817
309, -25.026164874552002
310, -25.046808510638456
311, -25.079467680608353
312, -25.087248322147786
313, -25.046006389776405
314, -25.04661654135336
315, -25.074906367041333
316, -25.04736842105267
317, -25.0441471571907
318, -25.085034013605476
319, -25.079591836734878
320, -25.017981072555294
321, -25.082524271844708
322, -25.013043478260897
323, -25.090476190476213
324, -25.08991596638657
325, -25.026315789473728
326, -25.09696969696971
327, -25.0551839464883
328, -25.071530249110335
329, -25.07347670250896
330, -25.084313725490265
331, -25.065517241379386
332, -25.097923875432556
333, -25.0971731448763
334, -25.048854961832212
335, -25.01913357400732
336, -25.08724832214782
337, -25.071530249110317
338, -25.091803278688534
339, -25.07740863787377
340, -25.050000000000036
341, -25.09290780141842
342, -25.092307692307738
343, -25.094623655914013
344, -25.0985865724382
345, -25.090476190476235
346, -25.04516129032263
347, -25.084030418250965
