0, -25.06022304832727
1, -25.06261682242993
2, -25.00350877193007
3, -25.074496644296083
4, -25.002564102564662
5, 69.17536231884634
6, 157.48169934641095
7, 175.45555555556268
8, 356.56666666666325
9, 247.80697674418792
10, 283.80728476821065
11, 135.41724137931683
12, 206.81756272402077
13, 180.24482758621107
14, 146.62955974843126
15, 10.027388535030475
16, -25.058131487889426
17, -25.031654676259215
18, -25.02865497076058
19, 68.59706840391225
20, -25.075510204082214
21, -25.04347826086996
22, -25.053608247422993
23, -96.406060606061
24, -25.097879858657418
25, -102.75451505016774
26, 17.160273972602415
27, -25.043478260870064
28, -25.04545454545473
29, 5.238345864661085
30, -25.09712460063926
31, -25.028205128205112
32, -25.060070671378085
33, -15.450318471338306
34, -25.072727272727313
35, -25.038596491228148
36, -25.07049180327878
37, -25.060544217687145
38, -25.00442477876094
39, -25.08057553956846
40, -25.088235294117794
41, -25.060975609756134
42, -25.050000000000132
43, -25.022222222222354
44, -25.02739726027405
45, -25.06493506493538
46, -25.095092024539913
47, -25.080419580419594
48, -25.09867549668874
49, -25.054430379746854
50, -25.066666666666798
51, -25.09470404984421
52, -25.020224719101375
53, -25.083647798742412
54, -25.076470588235868
55, -13.595145631069101
56, -25.06810035842333
57, 6.886301369861723
58, 15.290070921984812
59, 12.757142857142226
60, 75.22319391635325
61, 9.899999999999414
62, -25.00877192982541
63, 4.7314606741560965
64, 49.210344827591
65, -25.05255474452566
66, -25.002189781021954
67, -25.01838006230532
68, -25.01764705882357
69, -25.02147651006716
70, -25.098679867986856
71, -25.017948717948713
72, -25.014790996784576
73, -25.0807560137457
74, -25.014590747331
75, -25.06225165562942
76, -25.07746478873238
77, -25.08305084745764
78, -25.03396226415122
79, -18.589208633093534
80, -25.028571428571528
81, -25.090909090909044
82, -25.066666666666595
83, -25.005109489051172
84, -25.03636363636359
85, -25.005460750853324
86, -25.025153374233163
87, -25.043812709030206
88, -22.957142857142863
89, -25.029629629629678
90, -25.07543252595153
91, -25.020134228187935
92, -25.074576271186608
93, -25.079104477611956
94, -25.090034364261204
95, -25.061952861952896
96, -25.030303030303138
97, -25.051612903225802
98, -25.06666666666686
99, -25.08947368421054
100, -25.017571884984065
101, 30.1787456445984
102, 18.384848484850814
103, -25.022222222222247
104, -25.082312925170072
105, -25.055183946488327
106, -25.018960244648344
107, -25.031205673758894
108, -25.001498127340867
109, -25.03846153846154
110, -16.7666666666671
111, 41.32857142857437
112, 121.67304964539218
113, 215.69439252336974
114, -59.76666666666702
115, -53.57992277992315
116, -18.533333333329693
117, 31.30350877193205
118, -25.05161290322659
119, -45.81751824816999
120, -6.389473684206308
121, -102.59201277955313
122, -25.074820143885532
123, -25.081250000000786
124, -25.07647058823585
125, -92.6241134751779
126, -91.4838709677425
127, -25.093939393939955
128, 42.43521126760579
129, -41.228358208953324
130, -87.92411347517793
131, -22.407692307691534
132, -90.65484949832832
133, -60.24026845637563
134, -25.053020134228724
135, -82.5655172413801
136, -83.64705882353006
137, -87.67278911564688
138, -22.256862745099127
139, -83.26227758007249
140, -25.072789115646934
141, 31.616171617160447
142, -25.074903474903763
143, -25.066233766233815
144, -25.053846153846177
145, -1.8105263157894615
146, -25.005405405405554
147, -9.82508591065273
148, -25.051612903226022
149, -5.0999999999998575
150, -25.056055363321775
151, -25.09899665551834
152, -25.031034482758663
153, -25.06859205776175
154, -25.074149659863977
155, -25.08823529411769
156, -25.05882352941177
157, -25.0576779026216
158, -16.00604026845618
159, -25.05770609318998
160, -25.083276450511978
161, -25.058466453674143
162, -25.089473684210486
163, -18.186642599278017
164, -12.650335570469835
165, -25.0983606557377
166, -25.099053627760245
167, -25.038120104438605
168, -25.0000000000002
169, -25.029411764705905
170, -25.092907801418455
171, -25.004379562043802
172, -25.079310344827654
173, -25.02013422818797
174, -22.407692307692344
175, -20.884982935153936
176, -16.961313868613544
177, -25.07959183673477
178, -25.004761904762
179, -25.007216494845352
180, -25.044444444444437
181, -25.089473684210567
182, -25.020689655172475
183, -25.052411575562665
184, -25.08571428571432
185, -3.7059479553905916
186, -25.02289562289564
187, -25.017948717948713
188, -25.031468531468548
189, -25.033333333333438
190, -25.007216494845522
191, -25.08181818181822
192, -25.031645569620334
193, -18.988888888889086
194, -6.547876447876714
195, -22.086062717770247
196, -25.099999999999913
197, -25.088372093023285
198, -24.657823129251934
199, -25.02616487455198
200, -25.091089108910868
201, -25.097674418604687
202, -25.07801418439724
203, -25.014814814814997
204, -25.012811387900364
205, -25.025000000000034
206, -25.05460992907807
207, -25.054901960784346
208, -25.04604316546768
209, -25.060942760942762
210, -25.056204379562043
211, -25.059420289855154
212, -25.055555555555696
213, -25.050724637681064
214, -25.0993127147768
215, -25.077064220183516
216, -25.094389438944035
217, -25.099999999999977
218, -25.017182130584125
219, -25.032967032967044
220, -25.04680851063827
221, -25.062406015037713
222, -25.067953667953667
223, -25.085106382978726
224, -25.00000000000002
225, -25.033333333333374
226, -25.028985507246325
227, -25.048122866894253
228, -25.040740740740702
229, -25.01764705882357
230, -25.0029304029308
231, -25.054966887417276
232, -3.886407766991418
233, -25.042372881355917
234, -25.042857142857116
235, -25.085034013605487
236, -25.092134831460676
237, -25.062411347517745
238, -25.02446483180427
239, -25.039344262295
240, -25.033333333333356
241, -23.433333333333337
242, -22.086062717770098
243, -25.017182130584224
244, -25.06655052264815
245, -25.03289036544854
246, -25.04545454545462
247, -25.031914893617177
248, -25.09691119691132
249, -25.07647058823534
250, -25.042105263158014
251, -25.034426229508185
252, -25.068965517241402
253, -25.090909090909054
254, -25.029966329966342
255, -25.087248322147637
256, -25.07142857142867
257, 4.51538461538482
258, -25.062717770034897
259, -25.025000000000063
260, -25.071428571428633
261, -25.017981072555266
262, -25.0852459016394
263, -25.066459627329255
264, -25.01155378486057
265, -25.048484848484897
266, -25.088888888888988
267, -25.0070063694268
268, -25.038754325259568
269, -25.0267100977199
270, -25.07153024911033
271, -25.037078651685444
272, -25.09646643109543
273, -25.025974025974072
274, -9.29463087248336
275, -19.35081433224746
276, 28.895815899580285
277, -25.01515151515173
278, -25.076923076923084
279, -9.79924812030135
280, -25.077508650519064
281, -25.049689440993845
282, -25.026710097719903
283, -25.055421686747067
284, -25.099312714776648
285, -25.08244514106589
286, -25.050965250965238
287, -25.077935943060574
288, -25.097909407665497
289, -25.030225080385854
290, -25.001694915254262
291, -25.078947368421066
292, -25.060759493671
293, -25.097923875432542
294, -25.032775919732394
295, -25.082229965156735
296, -25.092638036809852
297, -25.054393305439262
298, -25.001557632398836
299, -25.096699669967016
300, -25.07951807228921
301, -25.03098591549302
302, -25.05111821086265
303, -25.00501792114691
304, -25.009859154929607
305, -25.019867549668838
306, -25.07500000000005
307, -25.055944055944053
308, -25.046808510638368
309, -18.988888888889242
310, -25.072644376899795
311, 2.979847908745157
312, -25.030201342281973
313, -25.048242811502227
314, -25.049624060150386
315, -25.076404494382604
316, -25.068421052631663
317, -25.054849498327965
318, -25.07278911564621
319, -25.08503401360548
320, -25.054258675078877
321, -25.037540453074445
322, -25.0115942028986
323, -25.022222222222233
324, -25.076470588235242
325, -25.073684210526352
326, -25.06296296296309
327, -25.032775919732444
328, -25.09537366548048
329, -25.04193548387099
330, -25.02026143790853
331, -25.01724137931035
332, -25.03460207612452
333, -25.0971731448763
334, -25.064885496183187
335, -25.019133574007228
336, -25.098657718120847
337, -25.019217081850552
338, -25.07704918032794
339, -25.010631229235955
340, -25.077777777777797
341, -25.0390070921986
342, -25.07692307692308
343, -25.05770609319
344, -25.064310954063586
345, -25.09047619047622
346, -25.04516129032263
347, -25.077186311787045
348, -25.009215017064882
349, -25.07037037037037
350, -25.058536585365907
351, -25.09999999999999
352, -25.006896551724196
353, -25.022362869198357
354, -25.03006134969331
355, -25.09768976897695
356, -25.034532374100685
357, -25.02192691029904
358, -25.026164874551995
359, -25.084615384615425
360, -21.256462585033965
361, -25.038709677419362
362, -25.088153310104484
363, -25.0984435797665
364, -25.055555555555532
365, -21.404347826086802
366, -25.066666666666663
367, -25.052866242038238
368, -25.071428571428594
369, -25.034965034965033
370, -25.016129032258068
371, -25.012280701754378
372, -25.057337883959026
373, -25.068965517241367
374, -25.079365079365083
375, -25.038461538461526
376, -25.052861035422346
377, -25.06504854368931
378, -25.01205211726384
379, -25.06490066225165
380, -25.000000000000078
381, -25.017948717948677
382, -25.054609929078
383, -25.02173913043475
384, -25.05521472392636
385, -18.235593220338757
386, -25.051282051282037
387, -25.0275862068965
388, -25.093771626298
389, 7.154901960784496
390, -25.02222222222244
391, -25.027915194346363
392, -6.682278481012563
393, -25.056880733944862
394, -25.05893536121669
395, -25.078873239436604
396, -25.089115646258534
397, -25.052173913043713
398, -25.083982683982725
399, -25.06666666666673
400, -25.04918032786891
401, -25.010963455149557
402, -25.07750865051915
403, -25.072093023255878
404, -25.013986013986067
405, -25.01372549019613
406, -25.01372549019613
407, -25.09797979797986
408, -25.04810126582285
409, -25.072727272727338
410, -25.02418300653601
411, -25.072972972973
412, -25.029241877256364
413, -25.072140762463402
414, -25.058536585365914
415, -25.000000000000018
416, -25.01913357400725
417, -25.07854671280282
418, -25.089296636085642
419, -25.08717948717966
420, -5.100000000000861
421, -25.054716981132234
422, 15.96741573033578
423, -25.08434163701085
424, -25.098245614035548
425, -25.00886075949364
426, -15.235135135135177
427, -25.05209125475328
428, -25.071477663230457
429, -15.157471264367567
430, 5.12012578616244
431, -25.05672514619902
432, -25.041958041958043
433, -25.094736842105277
434, -25.09473684210529
435, -25.053424657534265
436, -25.078700361010846
437, -25.02499999999999
438, -25.05472312703584
439, -25.077192982456157
440, -25.02078853046596
441, -25.01290322580645
442, -25.02307692307696
443, -25.08167938931297
444, -25.08167938931297
445, -25.038461538461597
446, -25.054609929078016
447, -25.066666666666727
448, -25.025278810408942
449, -25.006959706959726
450, -25.0122807017544
451, -25.09999999999998
452, -25.04681647940076
453, -25.062962962962956
454, -25.03636363636366
455, -25.010702341137147
456, -25.045659163987153
457, -25.047352024922183
458, -25.048717948717957
459, -25.02877697841727
460, -25.038461538461505
461, -25.066666666666666
462, -25.048951048951086
463, -25.055183946488306
464, -25.00188679245286
465, -25.003649635036524
466, -25.039007092198588
467, -25.006060606060636
468, -25.076158940397377
469, -25.09704142011841
470, -25.0872483221477
471, -25.06815286624203
472, -25.052287581699375
473, -25.069969969969982
474, -25.055555555555557
475, -25.025352112676018
476, -25.099999999999962
477, -25.009594095940955
478, -25.03754045307445
479, -25.01428571428574
480, -25.068965517241427
481, -25.069963369963396
482, -25.014285714285737
483, -25.070342205323342
484, -25.05328467153289
485, -25.056794425087098
486, -25.038461538461515
487, -25.055223880597005
488, -25.093788819875734
489, -25.023938223938178
490, -25.054723127035814
491, -25.02298850574724
492, -25.060856269113152
493, -25.012280701754392
494, -25.046223564954673
495, -25.052941176470732
496, -25.0898734177216
497, -25.028767123287743
498, -25.08880866425998
499, -25.019217081850606
