5, 3.8158292476599236, 1573563735.1936822
10, 17.659938589714905, 1573563747.438316
15, 56.44509014867301, 1573563779.0099542
20, 86.69996651720422, 1573563827.5011861
25, 37.50281683029588, 1573563860.6588593
30, 56.404489166003316, 1573563899.5988626
35, 41.556354675573346, 1573563933.5745187
40, 45.65355237029316, 1573563966.9635227
45, 60.43326338572017, 1573564012.390167
50, 52.96565718837595, 1573564045.2929914
55, 23.459874904250533, 1573564063.7395086
60, 43.62609029030188, 1573564084.1594439
65, 60.522879976633625, 1573564118.9888542
70, 30.633962926840866, 1573564134.2622051
75, 3.1936242179219803, 1573564139.871808
80, 29.611409414299704, 1573564158.303055
85, 3.6031855287321006, 1573564164.0381598
90, 26.04223811384273, 1573564180.2882452
95, 22.247615719419407, 1573564194.8210955
100, 18.2634428205773, 1573564206.7755444
105, 13.61638705056323, 1573564218.0874314
110, 23.730365708860806, 1573564233.9997423
115, 20.47767567831661, 1573564252.903665
120, 22.533904807734537, 1573564266.9438615
125, 18.098455035250137, 1573564282.4032953
130, 46.737271656908995, 1573564313.1562486
135, 39.0908368194613, 1573564338.5691462
140, 66.64183582546764, 1573564378.1836493
145, 14.593077129308323, 1573564388.7018158
150, 3.557916630872943, 1573564394.4535642
155, 28.07383464272367, 1573564407.6682456
160, 28.656408945802504, 1573564424.7036922
165, 23.023430620821323, 1573564438.7511911
170, 34.247022530570064, 1573564464.942675
175, 20.43535771661247, 1573564480.2505949
180, 3.5667957230819693, 1573564486.087085
185, 3.7568534228864605, 1573564491.7837625
190, 3.5080343071304427, 1573564497.461861
195, 3.7249080647403416, 1573564503.1669624
200, 43.5484741693846, 1573564527.499131
205, 14.339895982696268, 1573564541.099828
210, 4.083722030988922, 1573564546.7963512
215, 3.516575389954317, 1573564552.4662871
220, 26.888295471326813, 1573564569.9954338
225, 37.592805018766626, 1573564597.0323598
230, 27.141245635365784, 1573564616.4227517
235, 25.733116999530147, 1573564636.0651753
240, 24.133716594233896, 1573564651.063368
245, 40.91420042239558, 1573564676.5146053
250, 3.618619813386627, 1573564682.2822602
255, 3.5643939858848825, 1573564687.9644723
260, 62.124353381680706, 1573564728.7802088
265, 50.53852928691152, 1573564760.4801188
270, 34.031424983761546, 1573564775.4807413
275, 16.210124352807842, 1573564791.0629988
280, 24.397417678424304, 1573564805.3950825
285, 26.669621975413275, 1573564826.8958976
290, 3.3791051883071055, 1573564832.7004726
295, 23.59688568160039, 1573564853.2455277
300, 22.759164014571148, 1573564867.1811092
305, 40.35107862701077, 1573564892.8283422
310, 41.54400431257703, 1573564917.1399846
315, 33.71458969825092, 1573564946.2608855
320, 22.249458518779868, 1573564964.5292053
325, 17.528573087430818, 1573564976.0604978
330, 3.28141077266327, 1573564981.7936826
335, 16.6217997815686, 1573564996.7319288
340, 24.87564522432443, 1573565019.0542414
345, 21.71715828322686, 1573565032.5263793
350, 48.98820712246741, 1573565065.01564
355, 3.6322651623516777, 1573565070.7092385
360, 3.7165642696430736, 1573565076.4713936
365, 21.305003035432367, 1573565088.4923391
370, 4.048623602820243, 1573565094.2129052
375, 3.639954559814433, 1573565099.9922395
380, 20.42762400541485, 1573565115.9117577
385, 15.382181827620148, 1573565128.575088
390, 60.2306599083597, 1573565167.3862114
395, 44.49939229552774, 1573565198.9742036
400, 47.79067263700805, 1573565229.3937132
405, 44.41846083512002, 1573565264.0734253
410, 27.0234889215755, 1573565284.5568523
415, 20.470306572893207, 1573565304.1229703
420, 26.852746266720935, 1573565318.3429425
425, 3.673418432162682, 1573565324.0060298
430, 31.479955208919524, 1573565341.2439408
435, 44.43922461579682, 1573565372.9888098
440, 37.11669908812956, 1573565397.4018476
445, 23.7740028785013, 1573565414.92165
450, 3.7581936840212946, 1573565420.7450917
455, 46.05421977349337, 1573565443.0713055
460, 16.906802310759716, 1573565456.742254
465, 3.6305880918855826, 1573565462.354413
470, 18.161967198398877, 1573565475.0072055
475, 3.5983757074951357, 1573565480.6541996
480, 17.377078641161344, 1573565494.380014
485, 23.82900176922933, 1573565511.903835
490, 22.262040237314217, 1573565525.0058763
495, 3.3253720052678704, 1573565530.6536064
500, 47.73162079266606, 1573565557.9182804
505, 25.197054777500174, 1573565574.636402
510, 3.6536230304559476, 1573565580.470418
515, 3.672926011672884, 1573565586.1528907
520, 3.773201302032845, 1573565591.7982695
525, 22.70995024689649, 1573565608.8859682
530, 43.97125407093978, 1573565631.301596
535, 60.43701378921278, 1573565666.501957
540, 34.43958484941498, 1573565685.3700356
545, 42.48851641462943, 1573565708.0514195
550, 3.7459901900513004, 1573565713.9428086
555, 45.64398079198329, 1573565742.1676426
560, 9.284927519115211, 1573565753.95101
565, 3.3666731330592805, 1573565759.6841173
570, 3.749468488644773, 1573565765.3786705
575, 3.6942056850296447, 1573565771.0339515
580, 21.128303470333556, 1573565784.9087172
585, 3.4815917915393433, 1573565790.6003742
590, 3.6215399385621496, 1573565796.3279037
595, 72.84901650674848, 1573565836.799899
600, 3.7277230544016127, 1573565842.626392
605, 3.7718154781859914, 1573565848.282979
610, 17.524672125954645, 1573565862.1582105
615, 48.99808132754417, 1573565891.4158745
620, 71.83286353577718, 1573565936.484359
625, 14.993983133565147, 1573565953.6483016
630, 3.3728354865341075, 1573565959.4644449
635, 3.8940862630286666, 1573565965.0814981
640, 55.35623087571939, 1573565994.3596787
645, 13.87081813960828, 1573566008.3976076
650, 27.68235613411452, 1573566026.9621978
655, 44.69850225363162, 1573566052.7308571
660, 3.6834092038586768, 1573566058.4494274
665, 29.91417418535239, 1573566079.0799983
670, 53.37947479900765, 1573566109.3061256
675, 18.66073403479985, 1573566123.9294665
680, 3.6519198491864286, 1573566129.6412165
685, 4.147577667430619, 1573566135.2292762
690, 3.6279738586600656, 1573566140.9414003
695, 36.26808255502454, 1573566164.0622327
700, 51.51930097469975, 1573566195.257107
705, 27.056610771355462, 1573566215.0782125
710, 18.950750671522904, 1573566227.9197023
715, 3.698758860189964, 1573566233.5946689
720, 21.807788057224965, 1573566252.4869733
725, 27.196195834735782, 1573566268.0608454
730, 43.26131609750146, 1573566296.6795807
735, 38.756877385888835, 1573566319.6365714
740, 26.066200111781807, 1573566339.7724943
745, 40.81181515293504, 1573566372.3428555
750, 13.975618389775956, 1573566385.8690803
755, 3.9634867501515516, 1573566391.5092764
760, 20.091220415195444, 1573566406.5383716
765, 38.54778845590041, 1573566429.8420746
770, 61.34408039334629, 1573566465.24817
775, 32.334853293058124, 1573566487.4058876
780, 3.8205275514645045, 1573566493.180207
785, 25.206973661900427, 1573566511.424347
790, 36.34320569003773, 1573566536.4037719
795, 24.81333257455311, 1573566552.407159
800, 18.693044543728504, 1573566567.834055
805, 37.00867131967263, 1573566591.0401075
810, 22.09775630584215, 1573566606.0875401
815, 58.125561717137145, 1573566637.6560748
820, 42.57870857234876, 1573566665.3071818
825, 3.267451839312136, 1573566671.122315
830, 28.75303781754248, 1573566696.2194238
835, 24.132034121543875, 1573566717.0217178
840, 3.687407979452817, 1573566722.7574372
845, 18.935204372292638, 1573566736.27145
850, 28.061172977936003, 1573566758.272193
855, 3.4817709665449974, 1573566763.9210722
860, 27.735641729922843, 1573566790.6589887
865, 5.03812055840053, 1573566799.8873005
870, 4.03925708690969, 1573566806.2631602
875, 22.102089150970308, 1573566821.20363
880, 19.05591844911179, 1573566840.01509
885, 37.94382821271517, 1573566867.636443
890, 15.200025602993739, 1573566881.307777
895, 3.6833131547736384, 1573566886.952831
900, 82.03222816239926, 1573566932.7955003
905, 40.05182013670446, 1573566960.1852589
910, 3.4877353294080202, 1573566965.9341118
915, 28.219354986814274, 1573566986.5848277
920, 21.73989098886264, 1573567001.771586
925, 24.078482423541054, 1573567015.301154
930, 20.57823134294258, 1573567030.1446435
935, 3.3268377504155944, 1573567035.8009162
940, 3.5375528154360696, 1573567041.5962813
945, 27.378543380336986, 1573567058.9339428
950, 30.968714862856274, 1573567073.1101174
955, 21.866796081169603, 1573567096.3001096
960, 3.8969644631455176, 1573567102.2206972
965, 17.852384935093458, 1573567122.4995556
970, 19.954442971174682, 1573567135.3949966
975, 3.960093218297998, 1573567141.0830822
980, 3.624703440821597, 1573567146.7788355
985, 28.94473851198917, 1573567163.8159122
990, 15.270794419610525, 1573567177.5143762
995, 3.580426724634708, 1573567183.2823193
1000, 3.6630800291281043, 1573567188.9940083
1005, 20.35169251097874, 1573567206.2987406
1010, 3.6806701854054658, 1573567212.0248613
1015, 3.3961877412595727, 1573567217.681954
1020, 18.313708957536242, 1573567229.5165422
1025, 22.39462504811645, 1573567249.4481575
1030, 38.88764734619012, 1573567272.3869703
1035, 19.867834420324368, 1573567285.4144595
1040, 3.7537813589106515, 1573567291.088398
1045, 35.225350430860466, 1573567310.5141852
1050, 3.4908029671027436, 1573567316.2610142
1055, 3.7297589214260993, 1573567321.8973837
1060, 28.241828758888268, 1573567339.554724
1065, 8.442406139803989, 1573567349.523366
1070, 27.48362883125945, 1573567362.8884594
1075, 16.263352901396537, 1573567374.4468389
1080, 47.54705933295752, 1573567400.2644665
1085, 39.23074328504144, 1573567427.0129974
1090, 18.520448087885867, 1573567439.4796188
1095, 27.856503650954863, 1573567453.596035
1100, 17.2086481980374, 1573567469.309193
1105, 27.674860542825304, 1573567485.3289897
1110, 3.8230895101228777, 1573567491.0298057
1115, 32.68657188766427, 1573567516.2953115
1120, 68.97187055453723, 1573567561.585516
1125, 3.629442437006054, 1573567567.2614126
1130, 24.50949542413871, 1573567584.8672705
1135, 13.958997320696213, 1573567599.1944118
1140, 3.375240256730038, 1573567604.9388692
1145, 51.828480130372405, 1573567637.1452541
1150, 3.5034541050927794, 1573567642.9912004
1155, 30.798175319583002, 1573567672.443525
1160, 11.34284045658163, 1573567682.3425148
1165, 26.089551454534234, 1573567704.376527
1170, 21.640022922389083, 1573567717.2375867
1175, 45.19627704548891, 1573567741.359482
1180, 31.368311593563327, 1573567758.8927026
1185, 3.535683289153267, 1573567764.6091864
1190, 75.20165990780903, 1573567811.2362676
1195, 26.33117469022045, 1573567826.7584262
1200, 13.420628618086202, 1573567840.7851713
1205, 22.098825048864185, 1573567854.0414882
1210, 24.89697166338201, 1573567872.1963818
1215, 3.6525351447331986, 1573567877.841181
1220, 55.766116912578596, 1573567905.3340094
1225, 3.147837992871321, 1573567910.924191
1230, 3.262567675268901, 1573567916.605573
1235, 21.3436350968697, 1573567932.3572586
1240, 34.11589989190169, 1573567957.7491233
1245, 35.43753296405832, 1573567985.4399467
1250, 3.753187957793287, 1573567991.2498531
1255, 20.452443588450585, 1573568009.3896816
1260, 3.4018059580965256, 1573568015.1639163
1265, 41.743995882406594, 1573568046.372583
1270, 28.398907795447847, 1573568064.656434
1275, 25.006470409177734, 1573568079.4721794
1280, 17.309159345213303, 1573568094.2185323
1285, 3.421432792860545, 1573568099.8718748
1290, 26.70642266093372, 1573568119.2184558
1295, 3.613104607491946, 1573568124.8716362
1300, 3.4901947284100436, 1573568130.5833218
1305, 28.827926094439952, 1573568146.321344
1310, 30.265647000710675, 1573568163.61266
1315, 70.06540609755382, 1573568209.5872808
1320, 21.37021686797272, 1573568229.3219945
1325, 40.791012769144835, 1573568265.0699744
1330, 3.5673529855493777, 1573568270.9097648
1335, 20.14380348709603, 1573568291.2196312
1340, 37.23199373811946, 1573568318.4488692
1345, 4.061064328521847, 1573568324.1525905
1350, 15.49074093548065, 1573568336.573308
1355, 16.833261871730507, 1573568355.1188207
1360, 3.342607154322425, 1573568360.894724
1365, 25.22673640476892, 1573568378.8352644
1370, 66.09839045205486, 1573568411.168592
1375, 3.8479807352547546, 1573568416.834815
1380, 21.507954009847488, 1573568436.6147015
1385, 3.692779663591992, 1573568442.284465
1390, 17.011784282745683, 1573568459.8566334
1395, 3.5464338555115646, 1573568465.5674975
1400, 59.267709777023924, 1573568506.9631763
1405, 18.10489774519302, 1573568521.816795
1410, 3.721565573777622, 1573568527.5792387
1415, 17.7808458577394, 1573568541.4665327
1420, 15.569737792517197, 1573568552.1266882
1425, 4.624298836346881, 1573568558.2163408
1430, 21.462090734177472, 1573568576.0245867
1435, 3.6214953695441894, 1573568581.6493897
1440, 16.001976245086848, 1573568601.9819088
1445, 3.4141292425936975, 1573568607.632381
1450, 3.50287650884905, 1573568613.3682373
1455, 3.597462462090513, 1573568619.0195487
1460, 4.006682684332107, 1573568624.7356584
1465, 4.145666533617873, 1573568630.4154124
1470, 3.973240397840874, 1573568636.194296
1475, 3.8001939806122373, 1573568641.8319588
1480, 3.889905534253793, 1573568647.5433934
1485, 3.5210443836599126, 1573568653.2318304
1490, 3.7763472450384503, 1573568658.9605975
1495, 3.878688704983154, 1573568664.614997
1500, 3.6386596886253164, 1573568670.3595862
1505, 3.8481642219410603, 1573568676.0481904
1510, 3.787874652377442, 1573568681.829385
1515, 3.806141664050867, 1573568687.4813797
1520, 3.8550912090705287, 1573568693.144427
1525, 4.956417644840968, 1573568698.8812575
1530, 3.902768659281686, 1573568704.6169515
1535, 3.4086724833211215, 1573568710.2645159
1540, 3.5922010116180325, 1573568715.9091492
1545, 3.544497913844011, 1573568721.614358
1550, 3.0825262710846304, 1573568727.2790797
1555, 3.4906811027606977, 1573568732.9475439
1560, 3.3330134012384973, 1573568738.7258227
1565, 19.313604652985823, 1573568761.4804494
1570, 3.5932455609865905, 1573568767.2881124
1575, 18.84207101315734, 1573568779.896873
1580, 31.00521364787132, 1573568809.9896555
1585, 46.4018684211573, 1573568849.8625994
1590, 3.711041610928477, 1573568855.6473012
1595, 3.5946885397410724, 1573568861.2291586
1600, 42.94051366394179, 1573568889.5620236
1605, 3.2558247421691404, 1573568895.3120654
1610, 20.033941075899712, 1573568910.9774616
1615, 57.29828865745344, 1573568950.6946688
1620, 15.056870474102471, 1573568966.1394072
1625, 20.477268252724706, 1573568984.5443523
1630, 22.914431758876148, 1573569000.3072305
1635, 3.5758118739947298, 1573569006.0273132
1640, 25.753596134203026, 1573569025.456375
1645, 28.77307690758708, 1573569046.6767802
1650, 19.990877541941135, 1573569062.1176736
1655, 25.06655375497269, 1573569077.559726
1660, 3.48670636493705, 1573569083.3409126
1665, 3.8185737739679007, 1573569088.959582
1670, 48.61974980773829, 1573569114.694499
1675, 29.520952806066408, 1573569131.6090064
1680, 15.2825080948377, 1573569142.6318786
1685, 59.66899280067072, 1573569172.9251719
1690, 24.107444500066432, 1573569187.0278466
1695, 3.029289903083627, 1573569192.6082478
1700, 27.35088033131607, 1573569210.116318
1705, 42.77096830956744, 1573569234.8076196
1710, 3.665995621216897, 1573569240.5409756
1715, 35.866155903074265, 1573569264.3239677
1720, 35.955500932001655, 1573569286.3337715
1725, 3.873059300710947, 1573569291.9902973
1730, 50.29300307446914, 1573569315.6861494
1735, 24.77876105266969, 1573569332.123144
1740, 3.6610339876006477, 1573569337.7823424
1745, 3.481867099419383, 1573569343.3563607
1750, 56.579163605060515, 1573569369.7459884
1755, 33.666948311670424, 1573569389.2224417
1760, 3.4394677040204606, 1573569394.903228
1765, 21.928315543408036, 1573569407.6222408
1770, 22.877406588260307, 1573569421.5333614
1775, 3.4583736556096327, 1573569427.2301128
1780, 3.9609339660072735, 1573569432.9171515
1785, 37.398190973566486, 1573569459.3282201
1790, 3.6070818070818165, 1573569465.0772707
1795, 68.19980693624129, 1573569499.2878249
1800, 20.642548037133118, 1573569517.266907
1805, 77.19863561335667, 1573569550.3537922
1810, 50.54401291794333, 1573569578.9632385
1815, 43.83102654779039, 1573569604.9531848
1820, 42.41489142692218, 1573569631.2494373
1825, 3.805392019546693, 1573569636.8861125
1830, 31.32885014575037, 1573569652.8202446
1835, 21.604671637164945, 1573569665.4024417
1840, 3.7354426004042467, 1573569671.1071126
1845, 22.448658257094813, 1573569687.5688324
1850, 21.673741546818103, 1573569702.721444
1855, 29.385346434448234, 1573569716.7684708
1860, 31.330663288988575, 1573569735.0761652
1865, 27.683890611750922, 1573569751.1680503
1870, 3.839068999555843, 1573569756.9024136
1875, 27.437546348320335, 1573569769.9011161
1880, 50.88111323880117, 1573569792.1820486
1885, 3.7196428178532024, 1573569797.8341386
1890, 3.946841198077479, 1573569803.5176342
1895, 20.2349255207215, 1573569816.9839303
1900, 26.029406442304992, 1573569830.4504514
1905, 38.77632315884257, 1573569856.000056
1910, 46.82902325103424, 1573569875.8523707
1915, 3.77370102989068, 1573569881.5664096
1920, 3.4689371772944675, 1573569887.277753
1925, 3.609582386874847, 1573569892.9662843
1930, 50.42263406627525, 1573569917.261002
1935, 27.475691762813284, 1573569933.782415
1940, 21.483029202062546, 1573569946.7768757
1945, 24.37561332643667, 1573569959.5987523
1950, 30.801271670184654, 1573569973.7848704
1955, 50.90983423549973, 1573569997.631617
1960, 40.907621191534254, 1573570020.1598616
1965, 27.88066241537871, 1573570035.8644636
1970, 66.45968142381834, 1573570066.9570434
1975, 3.7520048972107, 1573570072.6473162
1980, 27.024484516125632, 1573570087.927721
1985, 3.8266111116005375, 1573570093.5803754
1990, 58.857450733250786, 1573570122.4100268
1995, 49.187038981654624, 1573570146.079796
2000, 28.029861883204326, 1573570160.372767
2005, 3.824511969530417, 1573570165.996121
2010, 3.417189153643638, 1573570171.6911125
2015, 30.48889111464601, 1573570188.4125473
2020, 34.605698726241314, 1573570211.4374547
2025, 20.7704467083096, 1573570228.7953384
2030, 34.59509310579995, 1573570251.6115034
2035, 3.6672239594679503, 1573570257.27829
2040, 28.134684796415353, 1573570273.1445498
2045, 30.5844605858168, 1573570287.5279052
2050, 47.93756467810812, 1573570310.0330367
2055, 3.482173896885618, 1573570315.7108755
2060, 94.56559718226477, 1573570349.790108
2065, 24.730082625184174, 1573570360.9936767
2070, 3.8989145620200176, 1573570366.726054
2075, 23.23535615854575, 1573570378.6933942
2080, 3.4613765281094544, 1573570384.4144468
2085, 25.953581702528048, 1573570395.8931785
2090, 3.5716711613561367, 1573570401.5774555
2095, 25.77959660789523, 1573570416.1762555
2100, 33.33046635563382, 1573570428.5641196
2105, 31.83509314175917, 1573570441.6259356
2110, 50.39175279640851, 1573570462.5572145
2115, 71.46199794207249, 1573570491.0252693
2120, 27.74637351537939, 1573570503.027622
2125, 25.64929269388029, 1573570515.0416312
2130, 3.5803713462097755, 1573570520.7786496
2135, 59.082508074731074, 1573570541.7246385
2140, 26.779858168869698, 1573570555.8345253
2145, 33.27546586056288, 1573570567.657652
2150, 50.91712132499241, 1573570588.9680903
2155, 3.7122020364004533, 1573570594.6572838
2160, 64.53286649657075, 1573570615.6586626
2165, 56.61379712932487, 1573570636.373386
2170, 30.81471089484527, 1573570649.7491505
2175, 37.59048632593662, 1573570663.2897074
2180, 30.072427867403782, 1573570677.8096478
2185, 52.10203421772111, 1573570697.8392897
2190, 3.3224783810235166, 1573570704.1181364
2195, 29.65241386527215, 1573570716.1557126
2200, 3.6170927901265317, 1573570722.3892891
2205, 32.8628224471041, 1573570735.9887824
2210, 3.715011554022555, 1573570742.4608688
2215, 54.41726710025076, 1573570760.0718105
2220, 48.15943349787087, 1573570777.7043746
2225, 3.663624882114424, 1573570783.471483
2230, 25.791853345641858, 1573570794.8038168
2235, 3.769022741981747, 1573570800.5379279
2240, 3.6186246748962545, 1573570806.2735984
2245, 31.43278209042031, 1573570821.0376637
2250, 3.766319791027395, 1573570826.766809
2255, 21.651768477853842, 1573570838.1707876
2260, 66.0894802794284, 1573570862.3067765
2265, 32.18234849392778, 1573570876.9369118
2270, 3.7422172330140966, 1573570882.6533976
2275, 3.37811126760109, 1573570888.3201196
2280, 3.8591255023320605, 1573570894.0645666
2285, 53.29131140078564, 1573570915.1698089
2290, 23.155311959579254, 1573570929.0016491
2295, 27.97200010088838, 1573570942.1694274
2300, 3.45287076849594, 1573570947.892107
2305, 29.191555342807515, 1573570960.535865
2310, 27.445576248958798, 1573570972.6464758
2315, 3.519061270188291, 1573570978.2855723
2320, 90.38735320858237, 1573571012.1327422
2325, 3.7028231580002733, 1573571017.7851193
2330, 3.674172225825631, 1573571023.5241487
2335, 30.255942879069636, 1573571036.8895812
2340, 31.919896173398577, 1573571048.7637913
2345, 31.732856318056786, 1573571059.6679685
2350, 28.77314001145647, 1573571071.0247316
2355, 60.63264167915978, 1573571089.8674912
2360, 19.643379701522598, 1573571101.6676586
2365, 3.5869498899714314, 1573571107.3505876
2370, 28.8182581382938, 1573571118.8330266
2375, 27.43892601009899, 1573571132.3502476
2380, 71.04267410267435, 1573571157.4633377
2385, 56.499575311087845, 1573571176.199696
2390, 27.53514695837533, 1573571187.635088
2395, 72.06543172030592, 1573571212.9658782
2400, 23.404434329487692, 1573571223.320589
2405, 3.772147598564504, 1573571229.065675
2410, 58.73126528386788, 1573571248.485278
2415, 25.781421649717476, 1573571258.798669
2420, 16.07795554293096, 1573571269.161733
2425, 28.10261015808723, 1573571281.8660655
2430, 29.595061577502086, 1573571292.9887097
2435, 3.660403208413957, 1573571298.5815067
2440, 3.46382690992913, 1573571304.3098788
2445, 3.5426990291118017, 1573571309.964658
2450, 34.77870177737877, 1573571323.371892
2455, 20.61110093757017, 1573571334.1171823
2460, 3.731422960294205, 1573571339.8988392
2465, 32.93435227258262, 1573571351.797366
2470, 3.1605821038662687, 1573571357.570453
2475, 40.89440784776539, 1573571375.6306214
2480, 3.3154449737485434, 1573571381.4042735
2485, 25.47100740108074, 1573571392.6802013
2490, 3.245539060669833, 1573571398.395682
2495, 3.532021638169143, 1573571404.0300634
2500, 54.148783200702454, 1573571423.5476637
2505, 3.356261550371569, 1573571429.2464218
2510, 23.72116815295195, 1573571440.2943625
2515, 3.370846233135528, 1573571445.9961793
2520, 49.58760910326431, 1573571465.2428102
2525, 26.022561846892266, 1573571478.0295327
2530, 3.5922064473481, 1573571483.8995712
2535, 4.004395100293708, 1573571489.4953694
2540, 3.3999892383148578, 1573571495.1738863
2545, 52.13758527963298, 1573571510.7285583
2550, 3.944183524262301, 1573571516.4513085
2555, 42.732660619753126, 1573571532.5948844
2560, 3.781772120510864, 1573571538.3453798
2565, 3.3115360786645134, 1573571543.961338
2570, 17.799943934639355, 1573571553.4722974
2575, 30.43159695345717, 1573571565.8279493
2580, 10.024835164835157, 1573571575.2263927
2585, 27.82904288462435, 1573571587.3608453
2590, 45.93530709182299, 1573571605.3230608
2595, 47.92973126027077, 1573571622.043755
2600, 40.429011255379976, 1573571635.8358052
2605, 52.433632345508634, 1573571651.643705
2610, 56.17418381168301, 1573571670.8260365
2615, 51.2441900522118, 1573571687.927039
2620, 49.176436520866034, 1573571704.5212076
2625, 77.54397961894873, 1573571728.2266622
2630, 38.60416700429029, 1573571743.753156
2635, 3.6119127249562126, 1573571749.3423598
2640, 3.7306857736107624, 1573571755.0215466
2645, 51.960431232475536, 1573571775.5254366
2650, 51.3345613291408, 1573571796.7874844
2655, 32.11317930247245, 1573571809.041943
2660, 23.944490964794884, 1573571820.4861712
2665, 23.912831767413696, 1573571834.3580565
2670, 3.7543952148117503, 1573571840.0892658
2675, 3.6958304310836674, 1573571845.7412674
2680, 72.32580471841575, 1573571869.9392605
2685, 53.9316673187448, 1573571886.191174
2690, 96.46530721131117, 1573571915.306389
2695, 26.923903375214696, 1573571925.1740842
2700, 3.2365730113027693, 1573571930.8355374
2705, 3.610164166661009, 1573571936.4741025
2710, 3.468835760482375, 1573571942.1195548
2715, 3.8186930208815175, 1573571947.7906692
2720, 29.290358521060853, 1573571959.6409824
2725, 43.67882640612606, 1573571981.0568755
2730, 3.638874360028202, 1573571986.8464606
2735, 54.091817019341775, 1573572010.5896895
2740, 3.9445456662793665, 1573572016.3600543
2745, 29.973794155377664, 1573572030.7564023
2750, 31.377351984257682, 1573572044.6656733
2755, 40.23411602350662, 1573572067.9413424
2760, 3.8603126984145115, 1573572073.7835038
2765, 4.281156995186736, 1573572081.5588634
2770, 51.64546980567059, 1573572099.70374
2775, 3.3959864351149767, 1573572105.3723931
2780, 25.845922859779932, 1573572118.2283852
2785, 19.586553777065898, 1573572128.7385561
2790, 3.805846593257064, 1573572134.4697766
2795, 54.49480585618643, 1573572157.555291
2800, 51.76255007586953, 1573572179.1207964
2805, 49.22256011208193, 1573572200.9049487
2810, 3.3314963227041816, 1573572206.6268
2815, 66.56233920537883, 1573572231.7379832
2820, 3.4911851437462857, 1573572237.4551203
2825, 26.747326104585717, 1573572253.3544462
2830, 30.93017903841485, 1573572266.2745547
2835, 3.642550433029213, 1573572271.8709557
2840, 3.770358006422461, 1573572277.645288
2845, 3.981226888412273, 1573572283.3042095
2850, 74.80378709710502, 1573572311.7643068
2855, 72.91553775191895, 1573572342.8369274
2860, 48.30240328776046, 1573572368.9536362
2865, 44.220726210696895, 1573572391.4030597
2870, 24.662531369261345, 1573572405.4730515
2875, 20.852881241842123, 1573572418.452796
2880, 3.5965506212915073, 1573572424.2745829
2885, 46.21192822887569, 1573572446.1407301
2890, 21.002867723138866, 1573572458.3151083
2895, 26.167070401529635, 1573572473.1188655
2900, 29.37942085994799, 1573572490.1721616
2905, 37.83353832502914, 1573572503.2185562
2910, 21.998485583554476, 1573572515.3319204
2915, 3.3420532993702543, 1573572521.0516658
2920, 3.498707721954908, 1573572526.7300487
2925, 76.89230885760188, 1573572554.2846684
2930, 32.46014059960784, 1573572567.0795927
2935, 4.0780207333983185, 1573572572.701112
2940, 61.88245880068882, 1573572599.1739368
2945, 30.897240008014144, 1573572612.5839787
2950, 27.702171955186095, 1573572624.9496155
2955, 62.90527056971475, 1573572649.205249
2960, 21.25157945362725, 1573572660.9525702
2965, 3.7322742777546707, 1573572666.633332
2970, 3.716942236378485, 1573572672.266283
2975, 25.55639250227204, 1573572683.566496
2980, 34.12348050947048, 1573572696.6937923
2985, 3.5659964306423495, 1573572702.3162684
2990, 49.324645981723194, 1573572719.6874537
2995, 21.62452642134102, 1573572730.999338
3000, 22.95896910297435, 1573572742.302312
3005, 46.07532317960858, 1573572761.0989568
3010, 52.84584607234592, 1573572778.3171246
3015, 3.7725853020573274, 1573572784.048662
3020, 47.46868481895369, 1573572801.118562
3025, 23.6589087203127, 1573572812.331656
3030, 29.06817934365958, 1573572823.785273
3035, 3.68255889136269, 1573572829.4480753
3040, 26.966726700597814, 1573572843.4569988
3045, 62.1008823806607, 1573572861.0643964
3050, 3.804328004750134, 1573572866.854836
3055, 3.734142739375565, 1573572872.4975827
3060, 28.251217503712333, 1573572883.260673
3065, 48.294272161436034, 1573572899.8305998
3070, 41.51252659836746, 1573572915.5518315
3075, 27.805768108183837, 1573572926.3136168
3080, 31.635497962347603, 1573572937.4476528
3085, 3.4241930641244664, 1573572943.046772
3090, 24.216049325316398, 1573572954.0445533
3095, 14.65858634031614, 1573572963.6298358
3100, 29.70539590500015, 1573572974.3258724
3105, 4.150837937885678, 1573572979.9463596
3110, 4.066159993544951, 1573572985.7449496
3115, 35.308467412775045, 1573573001.4127233
3120, 63.081265709977856, 1573573021.6831677
3125, 36.49991039426476, 1573573037.128934
3130, 38.09676029973702, 1573573052.059333
3135, 3.645294774418467, 1573573057.7416363
3140, 26.60953026919791, 1573573068.8603895
3145, 23.741054368823228, 1573573079.762253
3150, 3.5006822936197453, 1573573085.57618
3155, 17.34604271308083, 1573573095.7115703
3160, 35.00771839487271, 1573573111.3262916
3165, 39.01396253282955, 1573573125.5612102
3170, 20.94945248673391, 1573573136.7414432
3175, 39.70123461821742, 1573573155.377493
3180, 14.33881373957957, 1573573165.2462356
3185, 3.859089298827532, 1573573170.8940165
3190, 22.671902308696353, 1573573181.6571777
3195, 3.1347968956724155, 1573573187.327158
3200, 23.635154467519705, 1573573198.7390578
3205, 16.083870107823792, 1573573208.3617566
3210, 3.608822347885485, 1573573214.0697227
3215, 20.05885603639574, 1573573224.7766893
3220, 39.980002804430605, 1573573238.5830843
3225, 33.05861645703131, 1573573255.1929507
3230, 25.3051980951346, 1573573267.1010773
3235, 26.130793187115852, 1573573277.8260515
3240, 33.069649421341346, 1573573289.7126653
3245, 3.7872002999164804, 1573573295.325836
3250, 40.89456467683575, 1573573310.5902224
3255, 3.4398817773276265, 1573573316.2422714
3260, 3.4279200482202996, 1573573321.9214704
3265, 19.806920151776225, 1573573332.3587055
3270, 86.04040668059092, 1573573356.2757912
3275, 22.530209947111718, 1573573365.7083707
3280, 3.625906041666279, 1573573371.4195087
3285, 43.714938702259126, 1573573385.8080904
3290, 3.662960973096851, 1573573391.5216463
3295, 31.121805108417142, 1573573402.5746217
3300, 22.445565519245704, 1573573413.710813
3305, 3.4405547176814983, 1573573419.3078632
3310, 53.891900205830055, 1573573434.9562175
3315, 42.845990221375715, 1573573448.7575788
3320, 3.3880170901852957, 1573573454.5325022
3325, 20.83910093006647, 1573573463.3407454
3330, 20.391222227056897, 1573573473.781781
3335, 57.874416165568164, 1573573489.7572083
3340, 48.21896477761487, 1573573504.7406309
3345, 57.485988697193974, 1573573530.4901583
3350, 91.89291388286922, 1573573556.8297756
3355, 3.661255421259413, 1573573563.3065386
3360, 3.9434486067807577, 1573573569.056188
3365, 57.66239672802342, 1573573589.6230624
3370, 45.74093195894006, 1573573607.4998772
3375, 12.199044829575502, 1573573620.0559585
3380, 30.072497818211218, 1573573636.1597416
3385, 28.707494114904836, 1573573651.9270132
3390, 11.371140011954193, 1573573663.9945922
3395, 60.67864014271133, 1573573686.3053176
3400, 22.64683723324696, 1573573701.7010083
3405, 41.66669670990219, 1573573719.421698
3410, 33.53997651390607, 1573573735.2494624
3415, 47.100597740592775, 1573573754.9046493
3420, 51.727189849503965, 1573573773.7525187
3425, 32.325067971842216, 1573573788.3876762
3430, 10.773408026845344, 1573573800.9929662
3435, 36.49908638055257, 1573573817.0707185
3440, 15.352437504204772, 1573573830.317596
3445, 64.68565602961617, 1573573854.3536818
3450, 11.190459645187442, 1573573867.5460443
3455, 13.435407149227075, 1573573880.370068
3460, 34.67755473941463, 1573573898.62034
3465, 30.9456089945081, 1573573915.6196969
3470, 23.459676902085988, 1573573931.0796685
3475, 11.603603551252151, 1573573943.3861043
3480, 58.1176682410917, 1573573965.533711
3485, 78.16881491057987, 1573573992.88557
3490, 23.496295255027057, 1573574007.527841
3495, 29.419080568394264, 1573574024.6519506
3500, 51.60919760950229, 1573574043.1030805
3505, 16.104159422963455, 1573574056.834899
3510, 32.97133189887415, 1573574072.7679322
3515, 10.952783134778091, 1573574084.534613
3520, 10.794903206941415, 1573574097.0779788
3525, 13.144219240244581, 1573574110.4843578
3530, 52.3215549190896, 1573574130.8796291
3535, 56.89231835989384, 1573574150.4338975
3540, 11.684759737681661, 1573574163.4590607
3545, 52.11607513749463, 1573574184.7835393
3550, 11.704115829527627, 1573574197.880397
3555, 69.8518955243297, 1573574223.599784
3560, 10.167466945841895, 1573574236.69612
3565, 9.994186405256034, 1573574249.6828313
3570, 61.27061377246946, 1573574269.474459
3575, 26.16813490918431, 1573574284.8158274
3580, 50.77378370879186, 1573574304.719827
3585, 60.03621217509326, 1573574325.0986857
3590, 54.00881417984719, 1573574344.6045558
3595, 67.04860497525081, 1573574366.8981934
3600, 61.10893943926023, 1573574388.9407997
3605, 65.10801385084255, 1573574415.1143656
3610, 27.21710752804692, 1573574430.3846314
3615, 83.15170185370746, 1573574456.4139383
3620, 11.474541755977897, 1573574469.4935126
3625, 66.72143736487087, 1573574495.5801365
3630, 33.21448480875769, 1573574512.9457698
3635, 35.71609172196995, 1573574532.5130908
3640, 74.25093162452478, 1573574558.328597
3645, 32.276012201150294, 1573574577.245992
3650, 11.444603332692264, 1573574589.3568
3655, 34.5032713330903, 1573574606.3122883
3660, 38.58839794893934, 1573574624.4099398
3665, 62.731823076834985, 1573574646.9784994
3670, 36.20255233906051, 1573574664.0814106
3675, 50.810462446220114, 1573574681.9781406
3680, 47.963803435481125, 1573574705.6988032
3685, 13.289388569860822, 1573574718.3619983
3690, 13.418917414449936, 1573574730.8913121
3695, 62.149684102508374, 1573574758.7605681
3700, 76.12393760519356, 1573574788.7948408
3705, 73.8730075795341, 1573574818.0432742
3710, 62.016443793278675, 1573574847.3985617
3715, 56.52644266728403, 1573574876.4259322
3720, 75.40006058202505, 1573574905.598845
3725, 87.37672402522371, 1573574938.1252809
3730, 54.574363765283486, 1573574962.9751976
3735, 66.93765791972002, 1573574990.8120754
3740, 87.55867739408022, 1573575021.8734272
3745, 65.07089305937811, 1573575049.7073803
3750, 63.10501641225075, 1573575077.8920133
3755, 56.241584839555074, 1573575103.273393
3760, 77.75579065748879, 1573575134.392729
3765, 60.0406500022887, 1573575160.139508
3770, 79.1122912232167, 1573575188.537694
3775, 94.90418262622045, 1573575221.8888736
3780, 59.81803450687943, 1573575250.7454243
3785, 42.047261015497014, 1573575273.4216874
3790, 52.51122909018468, 1573575300.298288
3795, 88.81328937539732, 1573575333.0377815
3800, 72.95919929804211, 1573575361.0950646
3805, 86.59007707910799, 1573575390.3539345
3810, 70.49597289481991, 1573575416.4168777
3815, 58.49430645564814, 1573575442.636791
3820, 55.346946010333326, 1573575468.0853486
3825, 54.647332963112454, 1573575491.902806
3830, 57.556691722917, 1573575515.254443
3835, 58.816998045148445, 1573575539.952717
3840, 72.00723138335243, 1573575566.4833598
3845, 63.232116066347814, 1573575592.3218307
3850, 71.11153686892828, 1573575619.2146914
3855, 69.41749289745964, 1573575647.251667
3860, 73.04259595106194, 1573575675.5739858
3865, 52.70645535591922, 1573575701.0847156
3870, 64.31687008922817, 1573575728.247028
3875, 64.66171418890926, 1573575754.534049
3880, 62.74490115607887, 1573575780.9861426
3885, 66.93225423972385, 1573575806.8005605
3890, 74.7901701109196, 1573575836.6300209
3895, 84.99720861836614, 1573575867.6839204
3900, 54.629874404168184, 1573575892.4672425
3905, 66.97862519658426, 1573575918.516532
3910, 101.31343809108127, 1573575950.0400891
3915, 55.537059534394515, 1573575973.532605
3920, 65.57310286850448, 1573575999.1663315
3925, 70.18001846005185, 1573576023.2988567
3930, 64.70410870885092, 1573576048.1483183
3935, 65.85818451779657, 1573576073.765135
3940, 69.71570644753635, 1573576099.7349293
3945, 76.3027931708637, 1573576127.7174487
3950, 82.71060475583948, 1573576155.4300363
3955, 95.31450352607291, 1573576184.9318137
3960, 72.99616776421638, 1573576211.0241551
3965, 71.63613608620722, 1573576237.413672
3970, 60.296438592287736, 1573576259.621426
3975, 68.80074325685507, 1573576284.7156746
3980, 77.35536407461318, 1573576313.1778073
3985, 71.81672034083826, 1573576338.7127147
3990, 56.89348824240894, 1573576362.3665566
3995, 56.4643521605384, 1573576384.1961756
4000, 75.99499123016429, 1573576413.3166583
4005, 66.46119817246581, 1573576443.295108
4010, 86.01510406924316, 1573576473.6475213
4015, 77.87870293522444, 1573576502.6445818
4020, 63.361800013111896, 1573576531.1019163
4025, 52.704152656948395, 1573576558.043961
4030, 73.79407401755915, 1573576585.2643526
4035, 55.07061154449193, 1573576608.6768162
4040, 69.85624177442038, 1573576634.16722
4045, 58.34194164306838, 1573576659.3929985
4050, 59.84862767156053, 1573576683.1262128
4055, 72.32264303796845, 1573576708.6783268
4060, 61.89149577039177, 1573576736.018187
4065, 68.01709282763115, 1573576762.6919649
4070, 71.96400858823134, 1573576790.5189102
4075, 71.15037515959467, 1573576818.6247478
4080, 51.86349781775942, 1573576843.3410258
4085, 66.67227925307398, 1573576871.0927846
4090, 58.58455485189419, 1573576893.5607429
4095, 62.07672900991611, 1573576919.3901699
4100, 70.97471558865148, 1573576947.7725906
4105, 66.73788052783671, 1573576974.375689
4110, 74.48887088218268, 1573577004.3799908
4115, 75.77428050236358, 1573577033.3251624
4120, 65.86593963462546, 1573577059.8177302
4125, 73.68758664728074, 1573577088.9913528
4130, 55.36853516752869, 1573577114.197165
4135, 54.81775846759251, 1573577140.1386654
4140, 65.31336350099944, 1573577169.247097
4145, 55.7069457850151, 1573577194.538122
4150, 68.97117146923405, 1573577221.455093
4155, 58.87012297873652, 1573577246.6543772
4160, 59.563070162105305, 1573577272.6662545
4165, 85.05548189203488, 1573577304.2704492
4170, 73.52280557679288, 1573577333.419124
4175, 62.16348607760066, 1573577360.9866393
4180, 55.98758543222451, 1573577388.5186746
4185, 61.03131364514597, 1573577413.8027453
4190, 77.51818141170263, 1573577442.2234616
4195, 63.191476391603395, 1573577467.135987
4200, 83.01781923147439, 1573577498.655443
4205, 62.895264428895715, 1573577524.2679198
4210, 74.34550585723898, 1573577553.2933092
4215, 58.77129475466537, 1573577577.333984
4220, 75.11578536473061, 1573577604.5160074
4225, 59.85719727770074, 1573577629.9169137
4230, 64.15563368994198, 1573577657.5035923
4235, 58.67163197445633, 1573577681.0721438
4240, 83.1802250443175, 1573577707.9943762
4245, 65.24857494117096, 1573577730.8161452
4250, 63.334566266139156, 1573577754.5288017
4255, 57.872809642759975, 1573577778.8656018
4260, 83.240976937503, 1573577806.4134579
4265, 66.96838668026017, 1573577831.437573
4270, 60.13894557452547, 1573577857.6814394
4275, 63.06495975325324, 1573577881.3145788
4280, 80.23982684785686, 1573577909.8370051
4285, 72.95110526428832, 1573577936.0806358
4290, 88.3514740245011, 1573577964.0439634
4295, 89.53056984289597, 1573577992.0134094
4300, 70.24806819402085, 1573578019.156409
4305, 89.2220968227384, 1573578047.1795547
4310, 61.09629010076058, 1573578071.7886786
4315, 80.02878568887836, 1573578099.0622904
4320, 67.34724335786319, 1573578126.9920104
4325, 82.54742343133753, 1573578155.944957
4330, 58.448657336319954, 1573578180.4003968
4335, 58.14715848112354, 1573578204.527676
4340, 64.25277310056939, 1573578234.053087
4345, 58.501375048073065, 1573578265.0436969
4350, 65.70656202644128, 1573578292.258102
4355, 61.024653107381916, 1573578323.8096917
4360, 68.40567181912752, 1573578354.505133
4365, 43.97417350690767, 1573578380.0254848
4370, 71.06421070114723, 1573578408.104028
4375, 74.11348586069663, 1573578434.8585975
4380, 80.84264141515851, 1573578467.861067
4385, 69.41856004022603, 1573578493.3579717
4390, 68.12543526446646, 1573578520.645372
4395, 68.83099935724692, 1573578549.2238219
4400, 64.92866514018999, 1573578575.4213445
4405, 62.909999368686705, 1573578601.0066128
4410, 60.61725517973309, 1573578627.30041
4415, 77.08614693880413, 1573578657.2068112
4420, 70.71656663462146, 1573578686.2985003
4425, 70.3979776330614, 1573578712.5892575
4430, 79.9882698013192, 1573578742.1307642
4435, 70.19874724468346, 1573578770.0888062
4440, 56.683480627454195, 1573578796.3444157
4445, 65.33033652528925, 1573578821.8050027
4450, 60.428552811145096, 1573578847.0335467
4455, 63.0932854030381, 1573578872.6045392
4460, 62.5197258793559, 1573578898.6153502
4465, 56.63977691143377, 1573578923.6874142
4470, 81.29154079255257, 1573578955.3763778
4475, 54.48740238757982, 1573578981.170169
4480, 58.42515881368779, 1573579007.4351642
4485, 59.80323053303671, 1573579032.9029882
4490, 57.12854599037703, 1573579060.448743
4495, 67.25375764642646, 1573579089.2024343
4500, 54.78382238018004, 1573579117.5002394
4505, 66.28300111808517, 1573579145.0851798
4510, 68.79653947500292, 1573579172.4269712
4515, 60.26891440743596, 1573579198.7679803
4520, 67.47043895997317, 1573579226.6880803
4525, 59.44059469019555, 1573579250.7007618
4530, 78.17734804920696, 1573579282.4466023
4535, 63.14288701529334, 1573579309.250159
4540, 70.13892657581391, 1573579340.302254
4545, 62.70071854787225, 1573579365.9495556
4550, 60.31154906058522, 1573579391.4731338
4555, 82.89858843812128, 1573579419.5656402
4560, 63.29052005557867, 1573579445.5640283
4565, 65.43085855570185, 1573579471.7317438
4570, 65.67277917985648, 1573579496.1169395
4575, 58.04787012541141, 1573579521.2145615
4580, 67.03529495851528, 1573579547.67829
4585, 71.07926611361063, 1573579574.2985249
4590, 60.81487951640518, 1573579600.767186
4595, 81.99653095655792, 1573579631.5467544
4600, 62.992404992624486, 1573579657.2259831
4605, 60.81977211833377, 1573579682.6462476
4610, 73.26695793756248, 1573579711.4312744
4615, 72.5583919397171, 1573579742.562269
4620, 91.6620828701347, 1573579778.101466
4625, 64.47512660807716, 1573579805.696692
4630, 58.65821750875011, 1573579831.5774722
4635, 55.320796559300206, 1573579855.5775466
4640, 59.345858522351094, 1573579883.9026532
4645, 64.75614665203132, 1573579912.4773486
4650, 72.94171684704106, 1573579940.4615355
4655, 61.81707728302242, 1573579964.76033
4660, 57.52194942621635, 1573579991.1720686
4665, 65.31286127316187, 1573580018.24307
4670, 63.66645650844056, 1573580046.6777527
4675, 62.65664312230574, 1573580073.8925545
4680, 75.12259863151466, 1573580101.445805
4685, 68.48076999456393, 1573580130.091983
4690, 63.75381850906193, 1573580159.6845396
4695, 58.82259696605198, 1573580184.2081635
4700, 57.54967852648915, 1573580209.2648673
4705, 57.57771791355513, 1573580235.4577792
4710, 57.92359596371168, 1573580258.4959533
4715, 55.707238725018534, 1573580282.5073347
4720, 60.598924861276735, 1573580309.1444726
4725, 20.81534914727895, 1573580325.9755666
4730, 13.436859976931137, 1573580339.1900923
4735, 11.496265221249727, 1573580351.7731466
4740, 25.524145391538376, 1573580367.8527162
4745, 10.945453285986641, 1573580379.5243368
4750, 44.970256251085665, 1573580403.9749331
4755, 65.8167761902462, 1573580427.1242852
4760, 79.68567880143736, 1573580455.0989976
4765, 11.649195596539466, 1573580466.9568033
4770, 58.519899238695565, 1573580487.420888
4775, 51.83248655816425, 1573580508.6897726
4780, 9.788848977268275, 1573580520.8517492
4785, 36.04745944284279, 1573580536.291267
4790, 46.38640690908665, 1573580555.8511093
4795, 25.725091283441714, 1573580571.542447
4800, 11.10571268887468, 1573580583.0406866
4805, 52.98636740980876, 1573580602.8714173
4810, 11.74294137986414, 1573580615.0631516
4815, 53.18065816861042, 1573580634.771313
4820, 44.11509860528253, 1573580652.7735808
4825, 35.57588436249052, 1573580670.3707783
4830, 51.57970934206246, 1573580691.1070051
4835, 52.62189495477452, 1573580712.370301
4840, 53.37004088036842, 1573580733.137389
4845, 46.05298154682998, 1573580754.3867805
4850, 28.823634312759232, 1573580770.2369523
4855, 50.9166306518075, 1573580788.7708278
4860, 12.583436542676248, 1573580800.8305376
4865, 50.79830406041786, 1573580819.5695171
4870, 41.001304518656696, 1573580836.1762633
4875, 30.22901559998858, 1573580851.052431
4880, 35.75492559579038, 1573580867.5753248
4885, 10.518968364087513, 1573580879.2358236
4890, 32.33407779084924, 1573580895.8127697
4895, 12.122791416139775, 1573580907.6534095
4900, 44.712752155587516, 1573580924.2237635
4905, 37.07690141255064, 1573580940.369815
4910, 11.927453034014574, 1573580952.557981
4915, 40.6956636230408, 1573580970.2367334
4920, 12.149942041257836, 1573580983.3675985
4925, 21.525193848672906, 1573580997.7360885
4930, 31.068009232677262, 1573581014.7060475
4935, 29.190700162430137, 1573581030.802539
4940, 27.64967488859413, 1573581046.2839897
4945, 35.7479409574478, 1573581062.6189227
4950, 35.99631012685273, 1573581079.072579
4955, 33.763311339603845, 1573581094.6687093
4960, 26.72369817025733, 1573581110.1235812
4965, 33.34258542140846, 1573581125.9018369
4970, 39.04711955940041, 1573581142.039031
4975, 12.136400687674222, 1573581154.4181674
4980, 73.64681408018824, 1573581177.6524231
4985, 64.76590720172379, 1573581197.718056
4990, 12.767058446250157, 1573581210.1849828
4995, 13.028867528946625, 1573581222.1832373
5000, 33.69138023950129, 1573581237.3426728
5005, 29.87679712571522, 1573581252.7662482
5010, 11.893948692906472, 1573581264.814175
5015, 44.56317028144714, 1573581283.0326471
5020, 72.6202127126709, 1573581306.5615878
5025, 11.811153984936247, 1573581318.2319973
5030, 42.051214140563864, 1573581335.3040214
5035, 26.04566478835161, 1573581350.3985584
5040, 26.821779064178788, 1573581364.964558
5045, 35.952880130044065, 1573581381.3485012
5050, 54.14937482408484, 1573581400.2710552
5055, 36.009041257208004, 1573581416.2325406
5060, 30.879283546176843, 1573581431.9117796
5065, 41.707342317221695, 1573581448.516312
5070, 63.93421311170896, 1573581472.4497356
5075, 54.73229013430732, 1573581493.3810503
5080, 83.70509554252001, 1573581516.7916448
5085, 11.799085617830055, 1573581528.8317368
5090, 12.792020010115255, 1573581541.219672
5095, 63.20939604597588, 1573581561.5638583
5100, 9.791874430745505, 1573581573.065999
5105, 35.09422048668213, 1573581588.2804627
5110, 70.95245584461637, 1573581610.6774256
5115, 28.1086502031157, 1573581624.947274
5120, 42.50210055822852, 1573581644.4447634
5125, 13.119429890879804, 1573581656.247752
5130, 75.7753672147023, 1573581680.8071184
5135, 51.52578006721014, 1573581700.1473858
5140, 31.20140290249942, 1573581715.3275044
5145, 35.31996768162721, 1573581730.8974183
5150, 24.32552666422338, 1573581744.966365
5155, 41.53608804449452, 1573581762.0640597
5160, 10.725104923353404, 1573581773.509887
5165, 49.814848034162125, 1573581792.6473243
5170, 45.611906452194326, 1573581812.0946345
5175, 11.665004323451654, 1573581824.5687716
5180, 70.43215984396383, 1573581847.7027204
5185, 23.458923268295983, 1573581861.4972155
5190, 47.68138919343858, 1573581881.7138095
5195, 57.24965964465781, 1573581904.2637305
5200, 11.784418949974176, 1573581916.4776683
5205, 10.804882700373701, 1573581928.1140902
5210, 89.36370568970915, 1573581955.045155
5215, 11.454433525507374, 1573581966.5801234
5220, 54.441863875608135, 1573581986.291538
5225, 38.40736673056989, 1573582002.1299782
5230, 58.9172460545948, 1573582022.7547486
5235, 46.45343794757914, 1573582041.4465473
5240, 27.924430076900602, 1573582055.9060025
5245, 87.55525600111122, 1573582081.912928
5250, 70.64350128107631, 1573582104.3331437
5255, 54.63044183456352, 1573582125.2293468
5260, 31.26568006045532, 1573582140.9173753
5265, 32.02892995090263, 1573582156.2963126
5270, 40.258189437040336, 1573582172.2553825
5275, 29.543991247122733, 1573582188.9289806
5280, 11.340426392093557, 1573582200.1605432
5285, 10.356858612729795, 1573582211.3288395
5290, 10.565060555713695, 1573582222.799416
5295, 28.27254162848044, 1573582236.9620132
5300, 65.15461321939706, 1573582258.5704668
5305, 16.988215777581765, 1573582271.9617572
5310, 26.55693045968936, 1573582287.4051104
5315, 28.03459214380249, 1573582302.4281805
5320, 21.55594829835588, 1573582316.0387006
5325, 37.40435820775049, 1573582334.4446223
5330, 10.384460050252962, 1573582345.9031308
5335, 25.117078987236273, 1573582361.327781
5340, 10.622584518512628, 1573582372.6623225
5345, 11.562616467573129, 1573582384.1776948
5350, 10.628568040810055, 1573582395.7869174
5355, 9.19562574319777, 1573582407.294162
5360, 12.358079552974056, 1573582419.049349
5365, 27.998196500850963, 1573582434.261098
5370, 31.72252659739063, 1573582450.834327
5375, 24.495900519955786, 1573582466.0101876
5380, 10.482700608164269, 1573582477.678534
5385, 10.57945552172379, 1573582488.9934382
5390, 19.731265748155003, 1573582502.1736305
5395, 12.786149652274931, 1573582513.9933064
5400, 18.00617230784922, 1573582527.0854015
5405, 10.502985712985737, 1573582538.4441366
5410, 9.886581212069618, 1573582550.0811455
5415, 12.761599339839, 1573582561.8928452
5420, 13.742736843856127, 1573582573.533037
5425, 11.607708217265516, 1573582584.7597375
5430, 16.48354291502008, 1573582597.2996035
5435, 28.871033758472056, 1573582612.5760324
5440, 9.830558306541578, 1573582624.3629205
5445, 9.15754648790205, 1573582635.725889
5450, 11.86772959107077, 1573582647.1005397
5455, 9.709655786247627, 1573582658.937618
5460, 52.14894376559416, 1573582678.3048503
5465, 10.017913379210421, 1573582689.3589494
5470, 21.98308782761462, 1573582703.2408402
5475, 18.20070774109808, 1573582717.0416722
5480, 20.39479379058987, 1573582730.3603988
5485, 9.634852795421423, 1573582741.874768
5490, 9.885409399220267, 1573582753.2478738
5495, 32.692876356796006, 1573582768.2578554
5500, 10.091981737308975, 1573582779.413843
5505, 25.61463707150251, 1573582794.5910041
5510, 34.192096580124385, 1573582812.9267125
5515, 11.371290071733274, 1573582824.3751943
5520, 11.344501348981945, 1573582836.4066167
5525, 18.65069831203299, 1573582849.9739597
5530, 23.236224964833774, 1573582863.7068472
5535, 27.721605155975617, 1573582878.7572372
5540, 12.009330303358533, 1573582890.3662963
5545, 11.451533126237274, 1573582902.6569245
5550, 9.92855084539217, 1573582914.0869434
5555, 20.957498385258834, 1573582927.8575115
5560, 25.477563970454394, 1573582943.843784
5565, 10.148214043105153, 1573582955.6062899
5570, 9.895992791669439, 1573582967.6868415
5575, 22.037829316219348, 1573582982.3394885
5580, 10.97467180007146, 1573582994.9662018
5585, 21.325207661016314, 1573583009.1727865
5590, 10.354211659274927, 1573583021.5649765
5595, 11.68487334050526, 1573583033.489234
5600, 10.382051492727797, 1573583045.2280128
5605, 11.882069392025484, 1573583057.2226443
5610, 10.944235634134325, 1573583068.5982587
5615, 10.370324010869208, 1573583080.0390873
5620, 10.125053816481058, 1573583091.074556
5625, 11.071854069742948, 1573583102.6556752
5630, 10.806000621086728, 1573583114.6300678
5635, 19.194310716709406, 1573583128.5551763
5640, 11.013251498468838, 1573583141.2676013
5645, 16.243439386311877, 1573583154.2717466
5650, 11.159145945102493, 1573583165.3521338
5655, 10.313991073235321, 1573583177.2051272
5660, 9.956318498453589, 1573583188.7097816
5665, 22.567268081839803, 1573583202.5716546
5670, 43.11373602663703, 1573583221.4109597
5675, 11.217600325910519, 1573583233.2213717
5680, 10.984266258940128, 1573583244.7777305
5685, 11.648706825437282, 1573583255.9379244
5690, 10.75640489049446, 1573583267.5575304
5695, 12.17733734575656, 1573583279.071093
5700, 10.323425828411564, 1573583291.2951386
5705, 10.2746106155409, 1573583302.6542573
5710, 10.617663384941208, 1573583314.2287781
5715, 11.559060645229653, 1573583325.3875022
5720, 11.819742330992339, 1573583336.9068608
5725, 12.127411390865888, 1573583348.4039254
5730, 11.110091668118681, 1573583359.7265167
5735, 10.980258554299969, 1573583370.6702118
5740, 10.649496771183783, 1573583381.8090076
5745, 10.786700440550424, 1573583393.2700696
5750, 10.387955878151292, 1573583405.0319736
5755, 10.604469945615437, 1573583416.3883739
5760, 10.338373944768561, 1573583428.0405226
5765, 11.069675185605645, 1573583439.6699047
5770, 11.886154337940459, 1573583450.9075794
5775, 10.622822600820689, 1573583462.469735
5780, 11.542357195738205, 1573583474.4754527
5785, 10.958177308675536, 1573583485.4529765
5790, 9.688717584434704, 1573583497.0221043
5795, 11.305134712416605, 1573583508.336
5800, 11.459891734779028, 1573583520.2391121
5805, 10.33804470152031, 1573583532.3360317
5810, 10.121973944404363, 1573583543.7073317
5815, 10.626383031521781, 1573583555.585357
5820, 10.148843411342936, 1573583566.8894036
5825, 10.49356431208611, 1573583578.4852126
5830, 10.67723089544717, 1573583590.012672
5835, 10.39698733611359, 1573583601.618452
5840, 11.290788846006214, 1573583613.4449973
5845, 9.762172940179646, 1573583625.001821
5850, 11.079333127418957, 1573583635.9729836
5855, 10.40995318851416, 1573583646.7853558
5860, 11.235472439667097, 1573583658.1304276
5865, 10.914640751979448, 1573583669.2181852
5870, 10.722812664864922, 1573583681.0461595
5875, 12.290869782918815, 1573583692.568061
5880, 9.947594910194503, 1573583704.733293
5885, 10.136811657032222, 1573583716.2510006
5890, 10.30045620872637, 1573583727.9395885
5895, 10.758298153964299, 1573583739.5342655
5900, 9.974103296016265, 1573583751.0364432
5905, 10.774730694905198, 1573583763.0007312
5910, 9.688975396443777, 1573583776.0135326
5915, 10.360727905130728, 1573583787.4505877
5920, 10.721677718972575, 1573583799.0211616
5925, 11.082092895815546, 1573583810.3003755
5930, 11.872783966780919, 1573583822.4410942
5935, 11.221868133931775, 1573583834.1056256
5940, 10.350305350878607, 1573583845.3713372
5945, 11.484602649872851, 1573583857.3830388
5950, 10.23539501187685, 1573583868.8559191
5955, 10.747307584061831, 1573583880.600448
5960, 9.879889884983516, 1573583892.165575
5965, 10.256708762520947, 1573583904.3665392
5970, 11.236125155632555, 1573583916.677239
5975, 10.461438478738943, 1573583928.8043723
5980, 12.26009407475512, 1573583940.1708686
5985, 11.854580382760744, 1573583951.4992213
5990, 10.697131176747629, 1573583963.9903302
5995, 10.887544032695361, 1573583976.5990045
6000, 10.434396652163224, 1573583988.2404816
6005, 11.030737535136097, 1573584000.0988615
6010, 10.939228169560296, 1573584012.0466523
6015, 10.288825336343205, 1573584024.515405
6020, 10.620122975816226, 1573584036.5990705
6025, 11.461603708427198, 1573584049.4317284
6030, 12.063475621012936, 1573584061.7785144
6035, 11.163479653388189, 1573584073.816153
6040, 10.61572154203657, 1573584086.4958317
6045, 10.33557271322755, 1573584098.5342083
6050, 10.385027877303909, 1573584110.7433534
6055, 11.179900259420748, 1573584123.3314445
6060, 11.04661566035181, 1573584135.5528712
6065, 11.740692303133404, 1573584147.4811769
6070, 9.60175090011813, 1573584158.994351
6075, 11.673036233042664, 1573584171.8477302
6080, 10.442050782397903, 1573584183.7550836
6085, 11.933399582150278, 1573584195.647251
6090, 10.77621526313107, 1573584208.9591188
6095, 10.447917514054252, 1573584220.8471954
6100, 10.600331257281983, 1573584232.5427864
6105, 11.02161618117309, 1573584245.2636995
6110, 11.002139880371363, 1573584258.291575
6115, 10.519697413681723, 1573584270.3302631
6120, 10.852295033093943, 1573584282.5624979
6125, 9.377479969122406, 1573584294.5465498
6130, 10.286784414915036, 1573584306.7088048
6135, 10.692768630101586, 1573584318.846373
6140, 10.492912693004186, 1573584331.226502
6145, 10.07755770406651, 1573584343.1462557
6150, 11.227085302921092, 1573584354.8930845
6155, 9.2404398698379, 1573584367.6793203
6160, 11.12149238561918, 1573584380.1539428
6165, 10.347487513082584, 1573584391.9959216
6170, 9.346760241970072, 1573584404.9931943
6175, 9.648563883440758, 1573584418.3456647
6180, 11.00565098456545, 1573584430.9837968
6185, 10.637062491499137, 1573584442.7455292
6190, 11.287219973501582, 1573584454.8612628
6195, 10.46645034058229, 1573584467.095343
6200, 12.02226072675342, 1573584479.1453104
6205, 10.744884803856044, 1573584491.211807
6210, 11.156933506376928, 1573584503.5421355
6215, 10.609286707947652, 1573584515.2782485
6220, 10.088741936538685, 1573584528.093651
6225, 11.042366967970443, 1573584540.1959205
6230, 9.671691057207056, 1573584552.5164802
6235, 8.953000810619958, 1573584564.7623594
6240, 11.571447885785885, 1573584576.679945
6245, 11.608916547094754, 1573584588.6621475
6250, 11.81268744455436, 1573584600.9636397
6255, 11.449220164312203, 1573584613.578597
6260, 11.599185167955284, 1573584625.553475
6265, 10.122589576570308, 1573584637.8951335
6270, 10.484232651735672, 1573584650.7230334
6275, 10.308900770808616, 1573584662.7115257
6280, 11.516163592536094, 1573584676.1715045
6285, 9.774150511719336, 1573584689.7454042
6290, 11.280769869786742, 1573584703.6772068
6295, 9.678988616515927, 1573584715.6111422
6300, 10.677246516987163, 1573584727.595232
6305, 12.36258871570198, 1573584741.0608819
6310, 10.07039082339974, 1573584752.5812652
6315, 11.859469347038317, 1573584765.5274103
6320, 10.901783124109743, 1573584777.900141
6325, 11.387629119383538, 1573584789.8771882
6330, 10.270911903763206, 1573584802.4132545
6335, 11.57242606788151, 1573584814.6769955
6340, 10.521079941291902, 1573584826.8438795
6345, 10.021442753968554, 1573584838.8434105
6350, 10.276165032778486, 1573584851.247274
6355, 11.044661154365455, 1573584863.5598614
6360, 11.084464654481318, 1573584875.5771067
6365, 10.378768406116494, 1573584888.2263942
6370, 10.96578630465245, 1573584900.7867193
6375, 10.201920815013018, 1573584913.009561
6380, 11.076295252457735, 1573584925.0618072
6385, 10.79791016124803, 1573584937.5927112
6390, 9.754259339631492, 1573584950.2157435
6395, 11.002980394888482, 1573584963.0700521
6400, 12.955153360666111, 1573584976.1351912
6405, 9.36746541973739, 1573584987.6182985
6410, 13.060709661387941, 1573585000.1680996
6415, 12.252391004645286, 1573585012.4587762
6420, 11.007692008454105, 1573585024.1109169
6425, 11.887855463337567, 1573585036.4919033
6430, 10.844155253280382, 1573585049.0818546
6435, 10.274170814482094, 1573585061.6083343
6440, 12.784956135092347, 1573585073.8124642
6445, 10.865065011776098, 1573585085.4658651
6450, 10.930150249517714, 1573585097.8755224
6455, 11.62135147902116, 1573585110.5347612
6460, 11.525016214125182, 1573585123.4011912
6465, 11.153713472357401, 1573585136.241087
6470, 11.029893743741281, 1573585148.9869168
6475, 11.733207005475382, 1573585161.9231293
6480, 13.468463097208593, 1573585174.706059
6485, 11.648657804086087, 1573585187.5895982
6490, 13.523636554202573, 1573585201.079134
6495, 12.466847671396428, 1573585214.722763
6500, 12.56825527444018, 1573585227.8961859
6505, 11.270906455105976, 1573585239.872514
6510, 10.998590475736728, 1573585252.7708917
6515, 10.329911916552811, 1573585264.6732829
6520, 10.774731793412117, 1573585277.3577662
6525, 12.014498618057768, 1573585290.6730835
6530, 11.559903230288942, 1573585304.8885705
6535, 8.992920716780256, 1573585318.8229036
6540, 10.584901355869214, 1573585331.5706837
6545, 10.773111944488056, 1573585344.0560377
6550, 12.876062519198607, 1573585360.3579364
6555, 10.919279956749879, 1573585374.8878913
6560, 11.529391689484937, 1573585389.0308185
6565, 10.688242388620669, 1573585403.2875261
6570, 10.738396765688297, 1573585417.6456382
6575, 11.364662557493293, 1573585430.954048
6580, 11.779187967988218, 1573585445.677977
6585, 10.209412317251829, 1573585460.903854
6590, 9.500653150141535, 1573585476.7543166
6595, 9.076153955688092, 1573585489.1202621
6600, 13.179689957908385, 1573585501.8151853
6605, 9.422141461984197, 1573585514.7705815
6610, 10.750583984521402, 1573585527.250501
6615, 10.324675263864625, 1573585541.1532397
6620, 10.002546004356073, 1573585557.0519013
6625, 9.500741707603046, 1573585568.8696008
6630, 9.981236656351886, 1573585584.1236699
6635, 10.524904094686184, 1573585596.2860394
6640, 10.453671170292552, 1573585608.9803967
6645, 10.731373534956031, 1573585622.5361543
6650, 9.733056048212154, 1573585636.0790234
6655, 10.844999279167038, 1573585648.768763
6660, 9.792546594346325, 1573585662.5671313
6665, 9.673499829998638, 1573585676.1020195
6670, 12.135581964789896, 1573585691.921332
6675, 11.211577598645714, 1573585706.4733
6680, 11.721542744317526, 1573585721.5582347
6685, 10.967729304235252, 1573585736.3520741
6690, 10.016508084364803, 1573585749.7275913
6695, 9.182657340184146, 1573585763.4508
6700, 10.52679610054815, 1573585777.1972258
6705, 11.146236854098811, 1573585789.5673509
6710, 10.664906668549651, 1573585802.4601288
6715, 12.072681384257855, 1573585817.0169659
6720, 11.966912240934814, 1573585833.3064094
6725, 11.661180510562838, 1573585846.4498389
6730, 12.145265244447582, 1573585860.024828
6735, 9.90671961895935, 1573585872.3328304
6740, 10.771791421607334, 1573585886.495682
6745, 10.881440138513092, 1573585899.3170874
6750, 9.406673555298202, 1573585911.607093
6755, 9.738481524087268, 1573585925.6000686
6760, 10.37050567288073, 1573585938.8162413
6765, 9.630591564095116, 1573585952.8867893
6770, 8.914814164503898, 1573585965.750772
6775, 11.582338418706005, 1573585979.164848
6780, 10.675403993941366, 1573585992.334171
6785, 10.766424277224782, 1573586004.1482694
6790, 10.067039932587836, 1573586016.0004134
6795, 10.974765665443064, 1573586030.2322052
6800, 12.046443037706116, 1573586044.0340068
6805, 9.114987533965753, 1573586056.4141796
6810, 28.988364919054938, 1573586077.9221585
6815, 9.696633512241869, 1573586090.6686974
6820, 11.227172271300573, 1573586104.7469082
6825, 11.578320178890658, 1573586117.5802975
6830, 11.150105535854475, 1573586130.1380048
6835, 10.641893292626069, 1573586143.3133578
6840, 11.85656698837701, 1573586156.3638768
6845, 13.334956484160028, 1573586171.4296718
6850, 11.435161247581297, 1573586185.1497602
6855, 11.15272816662405, 1573586198.2960286
6860, 19.395653070735886, 1573586218.1352046
6865, 10.311134922800111, 1573586231.729098
6870, 10.036176137031214, 1573586244.6073394
6875, 11.768676734691871, 1573586258.362049
6880, 12.170363937839726, 1573586270.7995353
6885, 11.70414112177275, 1573586282.9619136
6890, 9.876791852309955, 1573586299.1382902
6895, 11.124455828305965, 1573586313.613871
6900, 11.145171430505012, 1573586327.5494657
6905, 10.001493336047059, 1573586341.2860358
6910, 15.443236750205221, 1573586358.3188245
6915, 9.267796424150422, 1573586371.8452768
6920, 14.112821824312004, 1573586389.0944362
6925, 9.777791287147416, 1573586406.1452403
6930, 11.249189263145555, 1573586422.6223032
6935, 11.359352945707075, 1573586436.0114107
6940, 10.696497444912799, 1573586450.0683174
6945, 10.854126002771883, 1573586463.7100003
6950, 10.888426269669806, 1573586479.1226301
6955, 10.143394554799958, 1573586493.976615
6960, 15.41457416666592, 1573586509.7353435
6965, 10.70804733599238, 1573586523.7259061
6970, 12.890810348041759, 1573586537.5218532
6975, 10.409620254705114, 1573586549.9593277
6980, 13.453377960593457, 1573586565.716933
6985, 10.283605408202169, 1573586579.892006
6990, 26.012694788308046, 1573586599.7137809
6995, 5.599044984015756, 1573586609.8087327
7000, 7.953216247476485, 1573586621.2687414
7005, 4.011155241447608, 1573586626.991931
7010, 8.208485704045259, 1573586635.8845844
7015, 4.652837938321864, 1573586643.241528
7020, 7.9487657928580076, 1573586655.4104261
7025, 6.476778384994065, 1573586667.909405
7030, 5.348495345084847, 1573586675.6520634
7035, 6.06209127235024, 1573586685.2246678
7040, 3.899586454762484, 1573586691.0666924
7045, 3.699106677940864, 1573586696.8913724
7050, 6.253273810791077, 1573586705.6358776
7055, 3.5209151860608214, 1573586711.327454
7060, 4.824486467951699, 1573586718.0596957
7065, 3.3934711168649265, 1573586723.7256317
7070, 6.446264307124407, 1573586733.025116
7075, 3.760687371082927, 1573586738.691069
7080, 6.563177299194711, 1573586748.0043519
7085, 5.332475066631598, 1573586755.9754913
7090, 5.037718903831935, 1573586763.7232049
7095, 5.528878391114889, 1573586772.1073372
7100, 5.754430385574342, 1573586782.2009766
7105, 6.346999009508765, 1573586790.2572324
7110, 4.977436291172099, 1573586798.8909469
7115, 3.514648313951452, 1573586804.5909517
7120, 4.763168135830882, 1573586812.945454
7125, 4.539279386297646, 1573586819.840485
7130, 3.4735391758879763, 1573586825.5730908
7135, 3.2551646710781923, 1573586831.1736884
7140, 5.048886539735507, 1573586839.0437646
7145, 5.302596575333371, 1573586847.0402253
7150, 6.729953211360263, 1573586856.8785622
7155, 5.292450560734134, 1573586865.2901435
7160, 3.4106531063916377, 1573586871.152611
7165, 5.389892487341659, 1573586878.7731833
7170, 5.924802065162554, 1573586887.6077693
7175, 4.251503620963438, 1573586895.1566594
7180, 5.206847797832905, 1573586903.682165
7185, 3.972642811309581, 1573586909.4395695
7190, 5.06483005857113, 1573586917.518244
7195, 4.044444605553537, 1573586924.9574974
7200, 4.906826902193056, 1573586933.637391
7205, 4.218539300205589, 1573586940.4061978
7210, 3.965034021635984, 1573586946.8612754
7215, 3.588679424625215, 1573586952.5905285
7220, 3.8453553558042928, 1573586958.2683842
7225, 3.534476853926081, 1573586963.9238322
7230, 3.4665999624709167, 1573586969.600304
7235, 3.5097570769870607, 1573586975.2070696
7240, 3.8816555252594838, 1573586981.575471
7245, 6.690112484884, 1573586991.4555194
7250, 3.556625715277282, 1573586997.2153451
7255, 9.085255649175402, 1573587007.055514
7260, 6.82066490289904, 1573587016.6600227
7265, 15.965201645674401, 1573587032.3889337
7270, 10.87227747859151, 1573587047.4474847
7275, 6.255616555019346, 1573587056.4217985
7280, 11.313814355018287, 1573587066.645574
7285, 5.553247866326482, 1573587074.2216766
7290, 4.863166879905526, 1573587082.4833407
7295, 3.5446378481219147, 1573587088.1217968
7300, 3.292945233775496, 1573587093.8839831
7305, 5.510901201226812, 1573587104.6882772
7310, 5.5488532246796725, 1573587119.3022852
7315, 4.681841547971592, 1573587126.488138
7320, 3.7627549277687846, 1573587133.0598826
7325, 9.271461595406835, 1573587145.6379778
7330, 6.925319167858717, 1573587155.6748667
7335, 13.245320383015041, 1573587171.4877121
7340, 10.854198078500463, 1573587182.7057047
7345, 13.39609925675126, 1573587197.1385827
7350, 9.682856478532498, 1573587209.8816102
7355, 9.358585396140727, 1573587222.4873133
7360, 12.445520885302251, 1573587234.187309
7365, 13.374502883494396, 1573587249.8037324
7370, 14.8122424706782, 1573587267.123227
7375, 4.283052012623818, 1573587274.9728
7380, 12.718943422239317, 1573587285.916674
7385, 7.458936588988894, 1573587298.4199262
7390, 29.04836826798492, 1573587314.942886
7395, 35.024762657599695, 1573587335.069812
7400, 7.542848365629413, 1573587346.5471547
7405, 6.309626037630153, 1573587354.1860116
7410, 4.57662248242123, 1573587361.5123925
7415, 3.67890616600033, 1573587367.1692805
7420, 3.354828236520516, 1573587372.9133172
7425, 8.572805753060411, 1573587382.3524241
7430, 5.6061357914751255, 1573587389.5863826
7435, 25.954918359855277, 1573587403.3027265
7440, 6.63735364046538, 1573587412.7452815
7445, 13.389452407071664, 1573587423.4545295
7450, 7.294795450784389, 1573587431.390699
7455, 3.540487739921885, 1573587437.01885
7460, 8.717547931156615, 1573587445.0905147
7465, 3.2332070309030576, 1573587450.7518668
7470, 11.917401979896194, 1573587460.8646533
7475, 14.136651470912005, 1573587471.6850786
7480, 3.4355690317282805, 1573587477.3315964
7485, 28.836499014333093, 1573587491.0876448
7490, 13.718737446094107, 1573587500.405794
7495, 3.8366178248101983, 1573587506.2017379
7500, 5.099359049348412, 1573587513.4717429
7505, 6.173233991179925, 1573587521.6182024
7510, 4.455608745079509, 1573587528.9331608
7515, 3.1414209646853495, 1573587534.684864
7520, 5.716500690673515, 1573587541.582092
7525, 3.0529940967476557, 1573587547.1681182
7530, 23.458568548478137, 1573587558.2201145
7535, 13.274406533548202, 1573587569.0847056
7540, 4.611081021961557, 1573587576.0536127
7545, 20.87046687065108, 1573587588.384342
7550, 39.0024639793135, 1573587602.6839387
7555, 5.088925555117931, 1573587609.4205415
7560, 4.657130205031155, 1573587616.610327
7565, 14.048119304078668, 1573587626.3173673
7570, 5.434592999805211, 1573587633.349088
7575, 5.468287583256681, 1573587640.0172563
7580, 3.3665819999410997, 1573587645.7165961
7585, 3.1449275258921707, 1573587651.3838642
7590, 19.903639662489844, 1573587664.1381443
7595, 3.7526641749323284, 1573587669.7702084
7600, 3.595716381699868, 1573587675.4454505
7605, 5.647649249833284, 1573587682.3502185
7610, 5.416228002460651, 1573587689.170734
7615, 3.31622232237122, 1573587694.7834268
7620, 3.8971724981861393, 1573587700.446078
7625, 3.5317463945091605, 1573587706.0166762
7630, 5.934490671007093, 1573587713.6349497
7635, 8.53007385948856, 1573587722.9998674
7640, 7.610459880608708, 1573587731.502637
7645, 6.472845071337117, 1573587739.1497636
7650, 3.4073503947983843, 1573587744.7993646
7655, 3.1965079997359256, 1573587750.4497323
7660, 3.1230619366895502, 1573587756.297851
7665, 8.263053981493712, 1573587764.8161268
7670, 20.69491327714842, 1573587777.4960778
7675, 8.666764093269283, 1573587786.882786
7680, 3.346183561921934, 1573587792.7243023
7685, 6.434856771357767, 1573587799.79904
7690, 7.326401086499169, 1573587808.5278656
7695, 5.061585666541305, 1573587816.1156614
7700, 9.407355618624972, 1573587825.4530954
7705, 11.795476208073621, 1573587835.665532
7710, 3.9005834281945404, 1573587841.366986
7715, 3.8205709391026255, 1573587847.0820973
7720, 3.378286367474158, 1573587852.8266869
7725, 8.337177563102195, 1573587862.5652502
7730, 3.3708131225189306, 1573587868.379483
7735, 3.3177234269340707, 1573587874.065278
7740, 5.303263209663566, 1573587882.0429986
7745, 7.2069172352116455, 1573587891.8650753
7750, 5.0860520445200965, 1573587898.904826
7755, 6.465988663332695, 1573587906.3335102
7760, 5.667430864032212, 1573587913.6447687
7765, 7.841757530263189, 1573587922.5481331
7770, 5.597988490012826, 1573587929.9539676
7775, 5.231138732689855, 1573587936.9146214
7780, 5.415075989831102, 1573587944.2096844
7785, 5.436005685540748, 1573587951.6978264
7790, 3.523052413013847, 1573587957.4857054
7795, 9.205594249178734, 1573587967.9310524
7800, 5.608658477963908, 1573587974.835326
7805, 5.452074416165053, 1573587981.780836
7810, 11.06458433279953, 1573587992.3361974
7815, 7.58165567322785, 1573588000.9974127
7820, 3.825179569772191, 1573588006.8909192
7825, 5.963921927576818, 1573588015.0638294
7830, 3.6697119076828373, 1573588020.7861862
7835, 6.149498968122988, 1573588027.7303805
7840, 5.082048759221905, 1573588034.6030517
7845, 5.714957984191766, 1573588041.4802556
7850, 4.871017689981573, 1573588048.5066102
7855, 6.845841887145875, 1573588056.746883
7860, 5.590347506570153, 1573588063.6085896
7865, 6.508325124470334, 1573588070.8966541
7870, 9.12568688467415, 1573588081.8869116
7875, 3.780285267034936, 1573588087.7633584
7880, 3.285058362279274, 1573588093.5455074
7885, 6.560857034667239, 1573588102.4297311
7890, 6.75660223348425, 1573588110.9536686
7895, 3.8625030426270763, 1573588116.7796695
7900, 3.5122313500749827, 1573588122.5746212
7905, 26.747422302992117, 1573588137.7128246
7910, 11.032298162821872, 1573588148.3454552
7915, 3.5478882504367357, 1573588154.095979
7920, 8.475995032904518, 1573588163.8007429
7925, 3.510919665069653, 1573588169.5957296
7930, 6.410738813888702, 1573588176.7650309
7935, 3.694617895868197, 1573588182.6124525
7940, 6.713455689336895, 1573588190.018596
7945, 3.8845353607505424, 1573588195.7622473
7950, 4.874951162200114, 1573588202.831763
7955, 8.671323751470897, 1573588216.41339
7960, 11.180624020791019, 1573588229.97221
7965, 3.7339035807521994, 1573588236.7801654
7970, 3.4183683238721576, 1573588244.517219
7975, 3.6882295245371126, 1573588250.1617217
7980, 3.6800194997694526, 1573588255.9742246
7985, 3.170003358824215, 1573588261.6448274
7990, 10.698997843034089, 1573588273.19493
7995, 3.773910422205579, 1573588278.998232
8000, 23.45270797417705, 1573588290.0978477
8005, 10.171989112282821, 1573588299.611073
8010, 5.132212826629639, 1573588306.6074152
8015, 3.8340111198234874, 1573588312.3109806
8020, 3.6530557755583004, 1573588318.0799053
8025, 33.96467213279813, 1573588336.1972003
8030, 4.68775925566095, 1573588343.4265354
8035, 8.97229009081787, 1573588353.4605763
8040, 23.29246287910444, 1573588364.2792172
8045, 3.3375443673142433, 1573588369.960383
8050, 4.028031560618298, 1573588375.606074
8055, 9.173871092705593, 1573588383.3772595
8060, 3.968688070153007, 1573588389.0805564
8065, 5.017677042219488, 1573588396.1437817
8070, 23.341053407658883, 1573588408.458544
8075, 5.310598409058625, 1573588416.0613127
8080, 7.233845539556272, 1573588424.6430995
8085, 4.9469653230856085, 1573588431.5763886
8090, 3.752106244655095, 1573588437.294025
8095, 3.538761117306522, 1573588443.009631
8100, 7.282518317632414, 1573588451.2357829
8105, 5.980418054485574, 1573588458.426435
8110, 5.7261828478429075, 1573588465.6685624
8115, 12.3396550911266, 1573588475.6091495
8120, 11.161997362611542, 1573588487.8314161
8125, 21.951944196139465, 1573588501.175646
8130, 7.060913012462767, 1573588509.4899015
8135, 3.657597740261255, 1573588515.1588867
8140, 6.080377160742817, 1573588522.714384
8145, 15.032818707563555, 1573588533.0254283
8150, 8.535020215363236, 1573588542.372039
8155, 4.85601219014484, 1573588549.358913
8160, 5.497903331840918, 1573588556.5494277
8165, 9.189238383950839, 1573588565.8085437
8170, 17.890061246067344, 1573588579.4797325
8175, 3.867553468251016, 1573588585.1114786
8180, 3.7036430279042944, 1573588590.8030145
8185, 5.4447821151649745, 1573588597.9083843
8190, 5.519430801775441, 1573588605.215431
8195, 4.991096009652286, 1573588612.0749116
8200, 11.122037367608979, 1573588622.6973388
8205, 19.288656740904834, 1573588637.2579765
8210, 8.379543926701533, 1573588645.921585
8215, 22.165834829859456, 1573588656.961184
8220, 3.518630923337428, 1573588662.6905901
8225, 23.651104699510775, 1573588674.8410428
8230, 5.958998332577834, 1573588683.373127
8235, 40.93179090990974, 1573588699.840744
8240, 3.6641684398576735, 1573588705.5929132
8245, 3.428913954219466, 1573588711.29074
8250, 6.8687574282150194, 1573588720.1486278
8255, 13.973877861296572, 1573588732.3573303
8260, 3.512854113538957, 1573588738.330369
8265, 6.118488625451916, 1573588745.957189
8270, 3.7734915376724736, 1573588751.647084
8275, 6.029895466929653, 1573588758.7572424
8280, 6.875348030498725, 1573588767.8364265
8285, 3.989754665246064, 1573588773.4239514
8290, 6.654885319869561, 1573588782.430772
8295, 5.037985834906403, 1573588789.9568858
8300, 3.909798426248726, 1573588795.6745956
8305, 3.7171401805351225, 1573588801.3234038
8310, 3.5800295383456535, 1573588807.0682647
8315, 6.9791055693229485, 1573588815.073311
8320, 5.740632171551587, 1573588821.8885133
8325, 6.948073254587595, 1573588831.9406173
8330, 6.133273603556345, 1573588841.2351847
8335, 3.4220233222023544, 1573588847.4072804
8340, 8.360715725695055, 1573588857.5179403
8345, 4.946248632996021, 1573588864.4401417
8350, 3.851009718251107, 1573588870.359295
8355, 2.9279353041806564, 1573588875.956446
8360, 4.4680036991882, 1573588882.9768987
8365, 8.269809652861618, 1573588892.4776154
8370, 5.068314485853061, 1573588899.6213083
8375, 6.618721889540138, 1573588908.1894946
8380, 5.3281769333707505, 1573588914.975375
8385, 7.011184483139928, 1573588923.9896755
8390, 3.7526201514932938, 1573588929.7299387
8395, 4.77402799447721, 1573588936.6561196
8400, 6.132089713115181, 1573588945.837123
8405, 3.9139864950119874, 1573588951.4392755
8410, 3.723480893967853, 1573588957.1861212
8415, 5.4488983171377665, 1573588963.9560444
8420, 6.91012745827897, 1573588972.6683276
8425, 6.816128108380198, 1573588981.222739
8430, 12.048078193991715, 1573588990.9529033
8435, 3.8056649413646797, 1573588996.6224134
8440, 4.673170676509311, 1573589003.4120436
8445, 5.468038482976915, 1573589010.4236364
8450, 5.069376542786978, 1573589017.3132436
8455, 6.185111845543832, 1573589024.8413873
8460, 5.5412501979447475, 1573589031.887981
8465, 7.5048106105091295, 1573589041.2723913
8470, 5.301955816288415, 1573589048.3794188
8475, 5.584190037944634, 1573589056.2889795
8480, 3.4898779223597387, 1573589062.0453756
8485, 6.320656671152345, 1573589069.355566
8490, 4.37905163468241, 1573589076.5156577
8495, 5.416904089939096, 1573589084.0892608
8500, 3.4066689311808434, 1573589089.7789462
8505, 5.103572558774202, 1573589097.272073
8510, 5.420797205190383, 1573589105.2210014
8515, 7.996651188957761, 1573589114.2388558
8520, 5.762558596635197, 1573589121.4739506
8525, 4.825234950193192, 1573589128.271939
8530, 4.815934651054699, 1573589135.299203
8535, 5.691738099046395, 1573589142.338688
8540, 5.518848326016287, 1573589149.852251
8545, 6.575983527141124, 1573589158.1218672
8550, 6.324830474978178, 1573589166.607465
8555, 4.011902259880445, 1573589172.3549857
8560, 7.696868228990816, 1573589181.8353946
8565, 3.5475479099415734, 1573589187.6715674
8570, 3.592560959332058, 1573589193.5374892
8575, 5.397651335546087, 1573589201.1550348
8580, 4.7281739377192435, 1573589208.4333832
8585, 6.650993704170155, 1573589216.872621
8590, 7.825231473332181, 1573589227.5499196
8595, 7.007148547733077, 1573589236.6058702
8600, 3.5238717069596843, 1573589242.3833344
8605, 3.7023933459704423, 1573589248.072482
8610, 7.73082359752897, 1573589255.8460176
8615, 5.406286976957384, 1573589263.8378267
8620, 4.518383391487944, 1573589271.935613
8625, 6.435878501478838, 1573589280.2555115
8630, 4.9856418641401445, 1573589287.2867527
8635, 5.063939110700074, 1573589294.0542443
8640, 7.177667490925548, 1573589304.5404785
8645, 4.76157179115058, 1573589311.3707662
8650, 7.005268618067281, 1573589319.5245419
8655, 4.970760543865738, 1573589326.4224048
8660, 3.6986899034707554, 1573589332.1419942
8665, 7.49526410586792, 1573589340.9037998
8670, 4.698413954940285, 1573589347.7351885
8675, 8.033017942020383, 1573589355.9882107
8680, 4.944708313811736, 1573589363.4088502
8685, 4.539418736099631, 1573589370.2381363
8690, 4.89126551964184, 1573589377.3640544
8695, 7.025202535345244, 1573589385.404681
8700, 6.009846337958304, 1573589392.415943
8705, 5.0450287298659395, 1573589399.4821582
8710, 3.4507869847526416, 1573589405.2917745
8715, 3.5232605903352896, 1573589411.0210588
8720, 8.913400428032539, 1573589420.9389246
8725, 3.470157432219093, 1573589426.6059117
8730, 9.847066410577018, 1573589437.2800696
8735, 7.266711652765414, 1573589445.6713846
8740, 3.7995827882680757, 1573589451.440989
8745, 3.398391045535539, 1573589457.1870773
8750, 7.072756073181874, 1573589465.9323506
8755, 11.184358953068623, 1573589477.569361
8760, 7.479310612295474, 1573589487.055979
8765, 3.85290481462557, 1573589492.7356176
8770, 4.412126125566676, 1573589499.8219185
8775, 8.479536009644942, 1573589509.60224
8780, 6.754232086080714, 1573589518.7286646
8785, 8.498392921038988, 1573589529.6854599
8790, 3.2883502258893693, 1573589535.3712404
8795, 4.781968893301838, 1573589542.885321
8800, 3.156934263587973, 1573589548.6827033
8805, 6.6758559048633845, 1573589558.4687696
8810, 6.883804537539748, 1573589569.2377198
8815, 3.3522330798660165, 1573589574.951715
8820, 3.480352055709976, 1573589580.8296185
8825, 3.3009112007980654, 1573589586.7016008
8830, 7.255768053982865, 1573589596.2679532
8835, 4.725096572799547, 1573589603.3682845
8840, 5.769763203169146, 1573589611.6670687
8845, 3.529164250964583, 1573589617.4515586
8850, 7.605311379496944, 1573589626.7478817
8855, 5.796827744507631, 1573589636.1846142
8860, 4.72305380115709, 1573589643.6918888
8865, 7.10233518526122, 1573589652.8347304
8870, 5.575813218172578, 1573589660.0004973
8875, 3.4094807970427135, 1573589665.9708505
8880, 19.30298491121572, 1573589688.431676
8885, 23.722836831285246, 1573589700.7479954
8890, 4.067841069215301, 1573589706.59292
8895, 28.448899707738246, 1573589724.1176536
8900, 3.6653973488734906, 1573589729.9799745
8905, 3.8540929501331767, 1573589735.6341374
8910, 27.416717195581054, 1573589748.7621117
8915, 24.725316882675454, 1573589760.4673045
8920, 21.828184959410958, 1573589776.414712
8925, 31.33981919119328, 1573589794.7170544
8930, 51.31907168426392, 1573589816.835871
8935, 28.260179300328115, 1573589832.4999819
8940, 28.125603740486536, 1573589845.080221
8945, 3.709469886753088, 1573589850.7164686
8950, 46.21564841772706, 1573589872.805925
8955, 23.30690846351958, 1573589885.7496588
8960, 22.788888861922484, 1573589900.3428977
8965, 3.644319293993447, 1573589906.2832768
8970, 19.724153703905305, 1573589917.7525485
8975, 20.042197318495177, 1573589930.449547
8980, 18.744009807806837, 1573589948.2900395
8985, 3.3679955024096593, 1573589953.802408
8990, 3.5949172612566875, 1573589959.470088
8995, 27.205367031240847, 1573589970.9506564
9000, 6.342744761474018, 1573589980.5550916
9005, 3.7273149809947745, 1573589986.2991405
9010, 7.243449674988332, 1573589994.052201
9015, 28.20843539530358, 1573590009.2657125
9020, 6.931103858748692, 1573590017.872319
9025, 3.722834939078468, 1573590024.1822572
9030, 22.725664903679096, 1573590036.3046718
9035, 3.5006268921112733, 1573590041.9487748
9040, 3.521979243059947, 1573590047.6446538
9045, 3.2982068633043333, 1573590053.7827175
9050, 16.524283871054063, 1573590071.940221
9055, 3.591086995285886, 1573590077.815345
9060, 3.631975297037699, 1573590083.5483963
9065, 7.3969897301970065, 1573590091.9819188
9070, 41.88587801814983, 1573590109.669962
9075, 4.877556221543524, 1573590117.1462462
9080, 3.542185740409953, 1573590122.8537831
9085, 3.456607932836647, 1573590128.5650487
9090, 3.77389243483736, 1573590136.1747196
9095, 6.505938696523283, 1573590143.5816581
9100, 7.433221347631087, 1573590152.0625331
9105, 3.371034822279988, 1573590157.968559
9110, 3.607593931114495, 1573590163.663571
9115, 5.551330286845262, 1573590171.4646323
9120, 3.7317207087335142, 1573590177.3446949
9125, 3.5121492900565556, 1573590183.2145314
9130, 5.010069178795517, 1573590190.4312246
9135, 5.280115019552317, 1573590198.4478018
9140, 3.6106286063261464, 1573590204.1168284
9145, 5.054541391197006, 1573590211.1814644
9150, 3.4482844633506646, 1573590216.8828008
9155, 5.645629593503256, 1573590224.8643963
9160, 11.840958156514166, 1573590235.5414371
9165, 6.5976157483120685, 1573590242.8347383
9170, 4.565009662727493, 1573590252.7066722
9175, 5.1980621709074715, 1573590259.5475965
9180, 5.244547121781087, 1573590266.6398487
9185, 6.26610786033322, 1573590274.5999346
9190, 3.587547120129423, 1573590280.4908326
9195, 5.3063271954144495, 1573590287.5142994
9200, 3.48035841199568, 1573590293.346925
9205, 13.740364272972386, 1573590303.8640776
9210, 7.2481137226566, 1573590312.8623085
9215, 3.6872691679113005, 1573590318.4805348
9220, 3.4572651151851685, 1573590324.196745
9225, 5.302751039809875, 1573590330.997107
9230, 5.103494999455417, 1573590337.7579303
9235, 3.9525120219187215, 1573590343.4470098
9240, 3.845098809930878, 1573590349.1991596
9245, 5.582662052178, 1573590355.9319131
9250, 3.666763497932022, 1573590361.766244
9255, 5.30438301197931, 1573590369.1635323
9260, 5.050987410418779, 1573590377.2456927
9265, 3.950659474151307, 1573590382.981215
9270, 3.295785298227468, 1573590388.678523
9275, 5.861304202052101, 1573590395.7467434
9280, 10.241807294069872, 1573590405.3823843
9285, 5.365374886110306, 1573590412.7797832
9290, 3.7552752400492713, 1573590418.568476
9295, 5.401843591260617, 1573590426.0296495
9300, 4.23187101323152, 1573590431.9195764
9305, 4.800714982902932, 1573590438.746122
9310, 3.3937339675250966, 1573590444.498546
9315, 5.05216424095041, 1573590451.1794665
9320, 7.692782915753026, 1573590459.1838543
9325, 3.5985068593572946, 1573590464.995896
9330, 3.6933488032313435, 1573590471.010674
9335, 5.1006716559671705, 1573590478.8291223
9340, 5.3064532035228575, 1573590486.226224
9345, 8.019790153955302, 1573590496.345621
9350, 5.3111941228822825, 1573590503.4013863
9355, 3.5856862758221766, 1573590509.0790331
9360, 3.5636196069879467, 1573590514.9783864
9365, 16.271269095422777, 1573590526.2121673
9370, 5.562536292342967, 1573590533.78768
9375, 3.551783078848814, 1573590539.4956605
9380, 4.105485029088686, 1573590546.1804838
9385, 24.331300616094246, 1573590556.6620035
9390, 10.92790922899357, 1573590565.7922528
9395, 24.68290787363651, 1573590580.528557
9400, 6.353259339952091, 1573590588.4095898
9405, 3.544447064898967, 1573590594.0287662
9410, 24.809448477985338, 1573590606.7657213
9415, 3.783473981310108, 1573590612.4118996
9420, 4.079233517858403, 1573590618.2622032
9425, 5.145544909100221, 1573590626.5447874
9430, 6.539192303221388, 1573590634.1275423
9435, 41.938399914472726, 1573590650.7506278
9440, 8.389771098788607, 1573590659.7511775
9445, 10.82219611003095, 1573590667.9946096
9450, 3.860048314291974, 1573590674.273319
9455, 3.5185428356825463, 1573590679.8956683
9460, 3.1524588245693415, 1573590685.5947707
9465, 42.714822833111754, 1573590703.5609818
9470, 4.911366537150235, 1573590710.0366936
9475, 18.102832691727457, 1573590719.3109264
9480, 32.658459825893544, 1573590733.267495
9485, 29.34338947198616, 1573590747.8108387
9490, 22.373011109924086, 1573590758.8002632
9495, 18.635110943919265, 1573590768.1604128
9500, 10.763495075623865, 1573590777.9705327
9505, 3.580118961144599, 1573590783.6603732
9510, 3.523403123857271, 1573590789.3473976
9515, 11.602773180833314, 1573590798.3603055
9520, 15.618158677600585, 1573590807.616344
9525, 3.670121814569182, 1573590813.312172
9530, 3.477857031926297, 1573590819.0086546
9535, 24.710717897357583, 1573590832.0933468
9540, 26.624324045782117, 1573590844.4682918
9545, 13.593155739530127, 1573590853.943354
9550, 25.435083611938268, 1573590867.2130015
9555, 27.67850815463955, 1573590880.193134
9560, 14.138505224548283, 1573590889.4484825
9565, 3.4473305530769247, 1573590895.1763496
9570, 15.211849778324936, 1573590905.9652607
9575, 3.3246074447387066, 1573590911.726226
9580, 20.71721491527177, 1573590921.8449993
9585, 10.926398586768707, 1573590930.7595184
9590, 21.158820675199838, 1573590943.933142
9595, 10.57175307782702, 1573590953.3592443
9600, 24.15254124538617, 1573590965.7325382
9605, 25.15023764813648, 1573590977.775756
9610, 19.45945328752086, 1573590987.3996782
9615, 15.884779471355944, 1573590997.0590737
9620, 3.8125493722374415, 1573591002.918675
9625, 3.5965665599750274, 1573591008.5923057
9630, 19.146723939968087, 1573591019.297466
9635, 18.437241949232593, 1573591029.1587021
9640, 11.207837769717413, 1573591038.150627
9645, 3.0685934913995845, 1573591043.8251905
9650, 3.3689194676005307, 1573591049.489558
9655, 3.509706948762209, 1573591055.3098023
9660, 3.919111803811302, 1573591061.0970745
9665, 27.797399599786228, 1573591074.2581356
9670, 26.897709806796485, 1573591088.6172705
9675, 13.602604083233487, 1573591098.2913642
9680, 3.4270987960672272, 1573591104.1976335
9685, 12.968666277493142, 1573591113.142778
9690, 25.85638150009416, 1573591126.5439463
9695, 12.571000668355676, 1573591135.340949
9700, 3.800473225956248, 1573591141.1578429
9705, 3.957109040230995, 1573591146.8745222
9710, 19.019342039680833, 1573591156.8914251
9715, 13.243589692676172, 1573591166.1073406
9720, 14.71365945984788, 1573591176.1861367
9725, 21.33191116336795, 1573591188.5406687
9730, 22.824115549398403, 1573591202.1080885
9735, 4.027939425409761, 1573591207.7252514
9740, 19.30512741803132, 1573591217.7731597
9745, 3.592591460159949, 1573591223.5750768
9750, 3.4480614995102785, 1573591229.26951
9755, 13.109358136551839, 1573591239.8068109
9760, 12.488483827410331, 1573591250.1770933
9765, 15.475468422335117, 1573591261.0901349
9770, 15.883180377458576, 1573591270.8726485
9775, 23.5340004080561, 1573591284.5066025
9780, 23.2482001749724, 1573591298.441563
9785, 15.997318081397017, 1573591311.1563332
9790, 30.157999425258915, 1573591327.4741023
9795, 14.28993497213086, 1573591337.0563507
9800, 3.4404619785149464, 1573591342.8436077
9805, 14.966207921542628, 1573591351.5225725
9810, 3.442742364702858, 1573591357.300218
9815, 25.08036079582372, 1573591369.7223551
9820, 40.12371345160861, 1573591387.071444
9825, 24.754030792415016, 1573591398.8061993
9830, 3.8248311147568876, 1573591404.538313
9835, 26.04064409441448, 1573591418.0222461
9840, 25.3555478362537, 1573591429.4048588
9845, 34.22603624954998, 1573591445.8735726
9850, 11.550412114512453, 1573591455.0427957
9855, 13.51899688723194, 1573591463.6219237
9860, 26.17665739992558, 1573591478.989841
9865, 22.752601526495948, 1573591492.5715442
9870, 27.41683194451873, 1573591508.441901
9875, 3.719483060110991, 1573591514.1048346
9880, 23.021860399349062, 1573591524.9084916
9885, 3.85419611677435, 1573591530.6213744
9890, 14.21662402447323, 1573591540.7309277
9895, 3.778906826110807, 1573591546.371485
9900, 30.47147674526689, 1573591560.9718072
9905, 45.769642294884314, 1573591579.5545006
9910, 3.5548963273848764, 1573591585.4876292
9915, 3.754213954213964, 1573591591.3207867
9920, 32.48072249352923, 1573591606.1844816
9925, 35.04618759470143, 1573591621.5206087
9930, 40.18266742561487, 1573591636.3611727
9935, 51.899913061293475, 1573591655.6702197
9940, 3.7636683617455327, 1573591661.5117235
9945, 3.772626318330947, 1573591667.171268
9950, 3.5399770103816506, 1573591672.8820026
9955, 14.23978032119992, 1573591682.0033672
9960, 33.60162954252743, 1573591697.2537344
9965, 15.29437660733277, 1573591707.7212467
9970, 16.10773376840001, 1573591717.2004697
9975, 16.19271290172894, 1573591726.5197842
9980, 17.730672392669526, 1573591736.4819977
9985, 3.7221993129053557, 1573591742.2042985
9990, 36.08844904052096, 1573591758.4695024
9995, 3.555012735488127, 1573591764.2545114
10000, 13.174154094589563, 1573591774.3795536
10005, 3.292483841295231, 1573591780.1358626
10010, 37.370054481434615, 1573591795.766446
10015, 3.5126125902028313, 1573591801.4190295
10020, 12.616636028163928, 1573591810.2827246
10025, 25.89351056358896, 1573591824.3188214
10030, 3.47514849893147, 1573591830.2825308
10035, 16.005284508071536, 1573591839.9354293
10040, 3.7742880739181337, 1573591845.736996
10045, 30.072183739659096, 1573591859.2875123
10050, 3.6750428514817544, 1573591865.2323425
10055, 15.319835567463048, 1573591874.2018645
10060, 16.793351709978413, 1573591884.1509147
10065, 13.960066643422312, 1573591893.4364588
10070, 20.86345225537705, 1573591904.6551347
10075, 34.59312537857437, 1573591919.4850786
10080, 3.7541230678529205, 1573591925.24661
10085, 3.6359114053044435, 1573591931.0532806
10090, 3.5640413997810887, 1573591936.8946676
10095, 35.541881081067956, 1573591952.7363834
10100, 42.13813891728771, 1573591968.8453846
10105, 4.1133411612959705, 1573591974.5179405
10110, 47.51548633025049, 1573591994.0092702
10115, 42.71333625227327, 1573592016.4513016
10120, 51.95117141056327, 1573592042.754926
10125, 62.37090265092733, 1573592070.0507205
10130, 66.81316140333631, 1573592097.343318
10135, 59.04609975626575, 1573592124.950225
10140, 64.23724019410209, 1573592150.1319706
10145, 59.7673959522048, 1573592176.3997598
10150, 74.88480695302185, 1573592204.255899
10155, 61.02699494239105, 1573592228.7161012
10160, 59.51887559119204, 1573592253.326212
10165, 58.876148971974, 1573592278.517368
10170, 76.1939490317391, 1573592306.6734905
10175, 66.44051466808904, 1573592331.5989163
10180, 69.02248664731744, 1573592358.6714776
10185, 57.71090572094215, 1573592384.5653787
10190, 53.48745979912926, 1573592409.8539972
10195, 58.18634273516424, 1573592438.2316637
10200, 58.4808081810483, 1573592464.9078183
10205, 56.399217605295156, 1573592489.2648706
10210, 64.98241599209629, 1573592514.324442
10215, 61.87805962663525, 1573592539.4976437
10220, 61.89228104050761, 1573592564.0270193
10225, 55.979207035530955, 1573592588.630803
